0 0.875 0.575 0.0546875 0.1527777777777778
2 0.575 0.35555555555555557 0.109375 0.26666666666666666
0 0.3296875 0.3416666666666667 0.028125 0.09444444444444444
0 0.3546875 0.35555555555555557 0.021875 0.06388888888888888
0 0.425 0.29444444444444445 0.0140625 0.06111111111111111
0 0.2609375 0.3333333333333333 0.0265625 0.08055555555555556
0 0.2796875 0.37777777777777777 0.028125 0.08611111111111111
0 0.0765625 0.39166666666666666 0.065625 0.08611111111111111
0 0.3546875 0.25555555555555554 0.0140625 0.06111111111111111
0 0.3890625 0.2638888888888889 0.0171875 0.06666666666666667
0 0.353125 0.2916666666666667 0.0171875 0.058333333333333334
3 0.2078125 0.6944444444444444 0.415625 0.6055555555555555
0 0.6546875 0.22777777777777777 0.01875 0.06666666666666667
0 0.6015625 0.21666666666666667 0.01875 0.06388888888888888
0 0.409375 0.21388888888888888 0.0171875 0.05277777777777778
0 0.403125 0.2777777777777778 0.0140625 0.06111111111111111
