1 0.64609375 0.5361111111111111 0.13125 0.25
0 0.5375 0.3472222222222222 0.0375 0.08055555555555556
0 0.32109375 0.4708333333333333 0.046875 0.125
0 0.275 0.6472222222222223 0.0734375 0.2111111111111111
0 0.0734375 0.5527777777777778 0.0828125 0.1
0 0.3046875 0.375 0.0375 0.09444444444444444
0 0.325 0.35555555555555557 0.03125 0.10277777777777777
0 0.3390625 0.35694444444444445 0.0328125 0.07777777777777778
1 0.43125 0.2708333333333333 0.053125 0.08888888888888889
0 0.35234375 0.3055555555555556 0.025 0.07222222222222222
0 0.36484375 0.28055555555555556 0.021875 0.06666666666666667
0 0.39296875 0.2569444444444444 0.0234375 0.06666666666666667
0 0.32109375 0.2833333333333333 0.0203125 0.05277777777777778
