0 0.32421875 0.5027777777777778 0.0375 0.10277777777777777
0 0.30859375 0.4097222222222222 0.028125 0.07222222222222222
0 0.33515625 0.36944444444444446 0.0375 0.08333333333333333
0 0.36953125 0.36666666666666664 0.028125 0.10555555555555556
0 0.32890625 0.3013888888888889 0.0265625 0.05555555555555555
0 0.2 0.3347222222222222 0.053125 0.08055555555555556
0 0.08125 0.4708333333333333 0.0640625 0.08611111111111111
1 0.5578125 0.20416666666666666 0.0375 0.058333333333333334
0 0.14921875 0.5986111111111111 0.0484375 0.125
0 0.19453125 0.6277777777777778 0.0515625 0.125
0 0.353125 0.2638888888888889 0.01875 0.06111111111111111
0 0.64609375 0.21805555555555556 0.0203125 0.058333333333333334
