1 0.5875 0.5 0.1046875 0.23055555555555557
0 0.80390625 0.6236111111111111 0.0703125 0.21944444444444444
0 0.7171875 0.5180555555555556 0.053125 0.14722222222222223
0 0.6453125 0.2986111111111111 0.034375 0.09722222222222222
0 0.62109375 0.24305555555555555 0.0203125 0.06111111111111111
0 0.6390625 0.2125 0.0296875 0.058333333333333334
0 0.42578125 0.3277777777777778 0.028125 0.1
0 0.34296875 0.3333333333333333 0.0296875 0.08055555555555556
0 0.2984375 0.39166666666666666 0.040625 0.10833333333333334
0 0.2734375 0.8805555555555555 0.128125 0.2388888888888889
2 0.43828125 0.20972222222222223 0.090625 0.13055555555555556
0 0.26953125 0.38055555555555554 0.040625 0.1111111111111111
0 0.70859375 0.27361111111111114 0.0421875 0.075
0 0.74453125 0.3527777777777778 0.025 0.08888888888888889
0 0.91640625 0.3375 0.0703125 0.09166666666666666
0 0.784375 0.25 0.0484375 0.06944444444444445
0 0.59296875 0.20416666666666666 0.01875 0.06944444444444445
1 0.540625 0.25277777777777777 0.05625 0.1
0 0.75 0.44166666666666665 0.0375 0.12222222222222222
0 0.49765625 0.2388888888888889 0.025 0.05555555555555555
