1 0.434375 0.5680555555555555 0.0921875 0.1638888888888889
1 0.46953125 0.3625 0.0578125 0.10277777777777777
1 0.3984375 0.3277777777777778 0.046875 0.06666666666666667
1 0.37890625 0.3902777777777778 0.059375 0.09166666666666666
1 0.38046875 0.2902777777777778 0.0390625 0.058333333333333334
1 0.440625 0.2708333333333333 0.0453125 0.05555555555555555
1 0.46796875 0.3013888888888889 0.040625 0.05277777777777778
1 0.3046875 0.2513888888888889 0.0328125 0.044444444444444446
2 0.31796875 0.5277777777777778 0.140625 0.20555555555555555
2 0.259375 0.7875 0.35625 0.425
3 0.35859375 0.2111111111111111 0.1125 0.1
1 0.77578125 0.28055555555555556 0.0546875 0.08888888888888889
