1 0.57265625 0.30972222222222223 0.053125 0.09722222222222222
0 0.7484375 0.4013888888888889 0.0390625 0.1
0 0.2890625 0.42083333333333334 0.028125 0.10277777777777777
0 0.078125 0.4263888888888889 0.0484375 0.08611111111111111
0 0.2453125 0.3486111111111111 0.05625 0.1
0 0.640625 0.24166666666666667 0.015625 0.06388888888888888
0 0.65859375 0.21805555555555556 0.0109375 0.04722222222222222
0 0.52734375 0.2263888888888889 0.0234375 0.06944444444444445
0 0.4109375 0.26666666666666666 0.021875 0.06944444444444445
0 0.4296875 0.2569444444444444 0.0171875 0.06111111111111111
