1 0.5265625 0.35555555555555557 0.0578125 0.09722222222222222
1 0.5578125 0.5027777777777778 0.06875 0.11666666666666667
1 0.5796875 0.2222222222222222 0.0484375 0.044444444444444446
1 0.4953125 0.21666666666666667 0.059375 0.05
2 0.6046875 0.32222222222222224 0.05 0.08611111111111111
2 0.825 0.7111111111111111 0.35 0.5777777777777777
2 0.659375 0.4361111111111111 0.0984375 0.175
2 0.6515625 0.7583333333333333 0.2984375 0.48055555555555557
3 0.609375 0.25555555555555554 0.046875 0.07777777777777778
3 0.659375 0.4361111111111111 0.1 0.17777777777777778
