1 0.60234375 0.3388888888888889 0.075 0.13055555555555556
1 0.63046875 0.19583333333333333 0.040625 0.06388888888888888
1 0.24375 0.5375 0.09375 0.16666666666666666
1 0.50703125 0.32083333333333336 0.05 0.08888888888888889
1 0.65078125 0.1527777777777778 0.046875 0.06388888888888888
2 0.82109375 0.5972222222222222 0.3578125 0.65
2 0.5828125 0.2611111111111111 0.071875 0.1111111111111111
3 0.50859375 0.24305555555555555 0.0546875 0.1
3 0.55625 0.16944444444444445 0.0890625 0.10277777777777777
0 0.1609375 0.4791666666666667 0.0390625 0.09444444444444444
