1 0.57109375 0.5 0.0921875 0.17222222222222222
1 0.62734375 0.8777777777777778 0.1828125 0.24444444444444444
1 0.5703125 0.33611111111111114 0.071875 0.11666666666666667
1 0.62265625 0.2708333333333333 0.05 0.08888888888888889
0 0.06015625 0.5708333333333333 0.078125 0.1638888888888889
0 0.09140625 0.25555555555555554 0.0609375 0.08055555555555556
0 0.2375 0.20277777777777778 0.0546875 0.06111111111111111
0 0.3546875 0.24027777777777778 0.0265625 0.08055555555555556
0 0.3796875 0.2388888888888889 0.025 0.08333333333333333
0 0.39921875 0.2513888888888889 0.0265625 0.06666666666666667
0 0.4328125 0.24722222222222223 0.028125 0.075
0 0.47265625 0.2777777777777778 0.0359375 0.07222222222222222
0 0.67109375 0.4722222222222222 0.0375 0.11388888888888889
0 0.690625 0.3736111111111111 0.03125 0.08055555555555556
0 0.74296875 0.6444444444444445 0.05625 0.1361111111111111
0 0.91015625 0.9111111111111111 0.059375 0.13333333333333333
0 0.62734375 0.3541666666666667 0.0328125 0.09166666666666666
0 0.69765625 0.30277777777777776 0.0265625 0.06666666666666667
0 0.40859375 0.33055555555555555 0.0265625 0.07777777777777778
3 0.5609375 0.2375 0.0609375 0.11944444444444445
