0 0.68515625 0.40555555555555556 0.040625 0.14166666666666666
0 0.9203125 0.44027777777777777 0.0546875 0.075
0 0.78671875 0.30972222222222223 0.0546875 0.05555555555555555
3 0.428125 0.35138888888888886 0.09375 0.17222222222222222
1 0.190625 0.6361111111111111 0.159375 0.2361111111111111
1 0.34609375 0.9180555555555555 0.2046875 0.15
0 0.2578125 0.3375 0.0375 0.12777777777777777
0 0.31640625 0.3055555555555556 0.0296875 0.08055555555555556
0 0.35 0.27361111111111114 0.028125 0.09444444444444444
0 0.55078125 0.2388888888888889 0.015625 0.06666666666666667
