1 0.60546875 0.5861111111111111 0.125 0.25277777777777777
0 0.6984375 0.3958333333333333 0.0921875 0.1361111111111111
3 0.559375 0.3402777777777778 0.0859375 0.16666666666666666
0 0.640625 0.25277777777777777 0.015625 0.06111111111111111
0 0.671875 0.2722222222222222 0.028125 0.08888888888888889
0 0.3109375 0.38472222222222224 0.0359375 0.10555555555555556
1 0.41484375 0.2847222222222222 0.0515625 0.09722222222222222
0 0.08125 0.4861111111111111 0.0703125 0.08333333333333333
0 0.196875 0.3416666666666667 0.0296875 0.03888888888888889
1 0.91875 0.8291666666666667 0.1625 0.19722222222222222
0 0.73359375 0.3 0.0359375 0.10277777777777777
0 0.70078125 0.3055555555555556 0.03125 0.06388888888888888
