0 0.1578125 0.5833333333333334 0.05 0.12777777777777777
0 0.82265625 0.24305555555555555 0.021875 0.07222222222222222
1 0.23125 0.8097222222222222 0.1609375 0.2638888888888889
1 0.38671875 0.3277777777777778 0.0421875 0.06944444444444445
1 0.36171875 0.3013888888888889 0.0453125 0.06388888888888888
1 0.31328125 0.2777777777777778 0.0390625 0.05277777777777778
1 0.3328125 0.2916666666666667 0.0453125 0.058333333333333334
2 0.3390625 0.4861111111111111 0.121875 0.225
2 0.27265625 0.2513888888888889 0.0734375 0.08888888888888889
3 0.46328125 0.3 0.084375 0.21944444444444444
