0 0.8453125 0.5305555555555556 0.04375 0.12222222222222222
0 0.165625 0.29444444444444445 0.01875 0.06944444444444445
1 0.7828125 0.7666666666666667 0.15 0.24166666666666667
1 0.6046875 0.3111111111111111 0.0390625 0.06388888888888888
1 0.628125 0.28055555555555556 0.0421875 0.058333333333333334
1 0.675 0.25 0.0375 0.04722222222222222
1 0.65625 0.26666666666666666 0.0421875 0.05277777777777778
2 0.659375 0.46111111111111114 0.1125 0.20833333333333334
2 0.7140625 0.21666666666666667 0.0703125 0.07777777777777778
3 0.5265625 0.29444444444444445 0.075 0.20833333333333334
