1 0.55390625 0.4111111111111111 0.06875 0.14444444444444443
0 0.78828125 0.5069444444444444 0.05625 0.17222222222222222
0 0.803125 0.6888888888888889 0.075 0.1638888888888889
0 0.20859375 0.6 0.0515625 0.12222222222222222
0 0.07734375 0.43333333333333335 0.071875 0.09166666666666666
0 0.165625 0.5166666666666667 0.034375 0.09722222222222222
0 0.2453125 0.4597222222222222 0.0484375 0.11388888888888889
0 0.3234375 0.3472222222222222 0.0296875 0.08611111111111111
0 0.38828125 0.25972222222222224 0.028125 0.06388888888888888
0 0.41796875 0.2513888888888889 0.0203125 0.06388888888888888
1 0.56328125 0.1986111111111111 0.0421875 0.06666666666666667
1 0.45234375 0.25416666666666665 0.04375 0.08333333333333333
