2 0.8359375 0.5888888888888889 0.2796875 0.5
1 0.59375 0.24166666666666667 0.046875 0.07222222222222222
0 0.6703125 0.2611111111111111 0.0234375 0.08333333333333333
0 0.284375 0.4111111111111111 0.0359375 0.07777777777777778
0 0.2484375 0.3416666666666667 0.034375 0.07777777777777778
0 0.1078125 0.3527777777777778 0.0421875 0.10277777777777777
0 0.1234375 0.6944444444444444 0.0453125 0.14166666666666666
0 0.215625 0.5472222222222223 0.0609375 0.15
0 0.3390625 0.4111111111111111 0.0390625 0.09722222222222222
0 0.3125 0.34444444444444444 0.0328125 0.09444444444444444
2 0.39375 0.375 0.0828125 0.19722222222222222
2 0.2796875 0.7388888888888889 0.3265625 0.5194444444444445
0 0.334375 0.26944444444444443 0.0265625 0.08333333333333333
0 0.5421875 0.39444444444444443 0.0328125 0.12777777777777777
0 0.35625 0.2777777777777778 0.0171875 0.06388888888888888
0 0.3671875 0.18333333333333332 0.0109375 0.04722222222222222
0 0.36875 0.2388888888888889 0.01875 0.06666666666666667
