0 0.58515625 0.4388888888888889 0.0390625 0.11666666666666667
0 0.67578125 0.2611111111111111 0.015625 0.07777777777777778
0 0.2578125 0.6263888888888889 0.053125 0.1638888888888889
0 0.23125 0.49166666666666664 0.0578125 0.125
0 0.146875 0.5055555555555555 0.0625 0.14722222222222223
0 0.07578125 0.3902777777777778 0.059375 0.09166666666666666
0 0.20703125 0.2847222222222222 0.04375 0.04722222222222222
0 0.253125 0.35555555555555557 0.0234375 0.08055555555555556
0 0.28203125 0.43194444444444446 0.03125 0.08055555555555556
0 0.3921875 0.30277777777777776 0.0296875 0.08611111111111111
0 0.34375 0.3 0.025 0.08333333333333333
0 0.32421875 0.2638888888888889 0.025 0.08055555555555556
0 0.36953125 0.2708333333333333 0.025 0.08055555555555556
