0 0.6 0.3402777777777778 0.0328125 0.06944444444444445
1 0.33046875 0.7666666666666667 0.21875 0.38333333333333336
1 0.32578125 0.4847222222222222 0.1203125 0.18888888888888888
1 0.1796875 0.7083333333333334 0.225 0.35833333333333334
1 0.40703125 0.33611111111111114 0.0703125 0.12222222222222222
1 0.43984375 0.4638888888888889 0.08125 0.14722222222222223
1 0.4953125 0.33611111111111114 0.059375 0.09444444444444444
1 0.42109375 0.2861111111111111 0.05 0.06944444444444445
2 0.3 0.15138888888888888 0.0671875 0.1
2 0.4125 0.18333333333333332 0.084375 0.09166666666666666
3 0.3890625 0.2152777777777778 0.0703125 0.1
