1 0.2875 0.47638888888888886 0.125 0.2
0 0.4234375 0.5583333333333333 0.0875 0.20833333333333334
0 0.4140625 0.3333333333333333 0.053125 0.12777777777777777
0 0.2796875 0.31805555555555554 0.0359375 0.08888888888888889
0 0.3453125 0.21388888888888888 0.025 0.075
0 0.8515625 0.5625 0.0453125 0.125
0 0.925 0.49722222222222223 0.0875 0.09166666666666666
0 0.65859375 0.3055555555555556 0.0203125 0.05555555555555555
0 0.64921875 0.3416666666666667 0.021875 0.06666666666666667
2 0.590625 0.30694444444444446 0.103125 0.23333333333333334
0 0.37890625 0.18194444444444444 0.01875 0.06388888888888888
0 0.634375 0.2611111111111111 0.01875 0.06111111111111111
