1 0.61640625 0.8083333333333333 0.165625 0.31666666666666665
1 0.58515625 0.525 0.1 0.19444444444444445
3 0.57578125 0.3638888888888889 0.090625 0.1638888888888889
0 0.80390625 0.5694444444444444 0.0453125 0.15
1 0.7015625 0.48055555555555557 0.11875 0.20277777777777778
0 0.71796875 0.37222222222222223 0.040625 0.10555555555555556
0 0.753125 0.3972222222222222 0.0265625 0.11666666666666667
1 0.6515625 0.325 0.0703125 0.12777777777777777
0 0.6859375 0.28888888888888886 0.0171875 0.07222222222222222
0 0.65234375 0.26666666666666666 0.025 0.058333333333333334
0 0.396875 0.24444444444444444 0.0328125 0.08055555555555556
0 0.08125 0.3347222222222222 0.0625 0.08888888888888889
0 0.21796875 0.24444444444444444 0.046875 0.06388888888888888
