2 0.71875 0.3638888888888889 0.153125 0.2611111111111111
2 0.3484375 0.5083333333333333 0.1296875 0.2916666666666667
0 0.2109375 0.6777777777777778 0.0484375 0.16111111111111112
0 0.1125 0.6944444444444444 0.08125 0.16944444444444445
0 0.0765625 0.40555555555555556 0.0578125 0.08055555555555556
0 0.271875 0.3194444444444444 0.01875 0.06944444444444445
0 0.296875 0.3277777777777778 0.0234375 0.08888888888888889
0 0.30625 0.3638888888888889 0.028125 0.06944444444444445
0 0.346875 0.3111111111111111 0.03125 0.09166666666666666
0 0.390625 0.2777777777777778 0.0203125 0.07777777777777778
0 0.43125 0.28055555555555556 0.021875 0.09166666666666666
0 0.134375 0.8944444444444445 0.0890625 0.19722222222222222
0 0.3796875 0.25555555555555554 0.015625 0.058333333333333334
0 0.353125 0.23333333333333334 0.0171875 0.06111111111111111
0 0.528125 0.33055555555555555 0.0296875 0.09444444444444444
0 0.621875 0.2 0.01875 0.058333333333333334
1 0.5734375 0.2 0.034375 0.05
0 0.409375 0.24444444444444444 0.015625 0.05555555555555555
