0 0.1515625 0.5708333333333333 0.05 0.13333333333333333
0 0.27890625 0.38055555555555554 0.0359375 0.1
0 0.30625 0.3458333333333333 0.03125 0.08333333333333333
0 0.3421875 0.35833333333333334 0.021875 0.08888888888888889
1 0.4359375 0.3125 0.0625 0.10833333333333334
0 0.8234375 0.5125 0.06875 0.1527777777777778
0 0.9109375 0.3541666666666667 0.0703125 0.08611111111111111
0 0.7828125 0.25277777777777777 0.04375 0.05555555555555555
0 0.64921875 0.22777777777777777 0.0265625 0.08055555555555556
0 0.33515625 0.3 0.0265625 0.08055555555555556
0 0.31171875 0.28888888888888886 0.0265625 0.06666666666666667
0 0.37578125 0.28194444444444444 0.0234375 0.09444444444444444
0 0.35703125 0.28888888888888886 0.0234375 0.08055555555555556
0 0.39140625 0.29583333333333334 0.0234375 0.07777777777777778
