0 0.909375 0.4027777777777778 0.04375 0.11666666666666667
1 0.21171875 0.9041666666666667 0.2203125 0.19166666666666668
1 0.3203125 0.5722222222222222 0.1078125 0.17222222222222222
1 0.71796875 0.33194444444444443 0.0578125 0.09722222222222222
1 0.37734375 0.2986111111111111 0.0453125 0.06666666666666667
1 0.47734375 0.225 0.05 0.05555555555555555
2 0.37421875 0.4 0.078125 0.14722222222222223
2 0.44765625 0.2625 0.0359375 0.06388888888888888
3 0.45234375 0.5263888888888889 0.11875 0.24166666666666667
3 0.328125 0.22777777777777777 0.1140625 0.13055555555555556
