0 0.96015625 0.48055555555555557 0.0796875 0.2
0 0.85390625 0.4027777777777778 0.0640625 0.14722222222222223
0 0.778125 0.3763888888888889 0.0484375 0.1111111111111111
0 0.740625 0.3388888888888889 0.03125 0.08611111111111111
1 0.67109375 0.3763888888888889 0.06875 0.125
3 0.56875 0.3347222222222222 0.15625 0.35833333333333334
0 0.6671875 0.2847222222222222 0.0234375 0.06944444444444445
0 0.65234375 0.23472222222222222 0.0328125 0.07222222222222222
0 0.29140625 0.35694444444444445 0.0390625 0.08611111111111111
0 0.0796875 0.525 0.075 0.09444444444444444
0 0.6734375 0.24305555555555555 0.0234375 0.07222222222222222
