0 0.8671875 0.3277777777777778 0.0234375 0.05555555555555555
0 0.2328125 0.35138888888888886 0.0359375 0.09722222222222222
1 0.409375 0.3263888888888889 0.0515625 0.09722222222222222
1 0.4890625 0.2222222222222222 0.059375 0.06666666666666667
1 0.403125 0.2125 0.0453125 0.058333333333333334
1 0.64140625 0.24861111111111112 0.0546875 0.058333333333333334
1 0.33359375 0.20833333333333334 0.040625 0.05555555555555555
2 0.2296875 0.6041666666666666 0.2328125 0.4027777777777778
2 0.4484375 0.4513888888888889 0.1125 0.24166666666666667
2 0.4140625 0.2708333333333333 0.0640625 0.11666666666666667
1 0.49453125 0.3138888888888889 0.04375 0.07222222222222222
