2 0.628125 0.4888888888888889 0.175 0.4222222222222222
0 0.85546875 0.6430555555555556 0.0625 0.13055555555555556
0 0.93359375 0.5444444444444444 0.0640625 0.17777777777777778
0 0.80703125 0.4305555555555556 0.04375 0.125
0 0.759375 0.4736111111111111 0.0359375 0.08888888888888889
0 0.74296875 0.4013888888888889 0.034375 0.07222222222222222
0 0.76328125 0.375 0.028125 0.08611111111111111
0 0.7078125 0.44583333333333336 0.034375 0.11666666666666667
0 0.6875 0.3625 0.0296875 0.1111111111111111
0 0.70546875 0.30694444444444446 0.021875 0.09722222222222222
0 0.30390625 0.43333333333333335 0.0328125 0.09444444444444444
0 0.17890625 0.5444444444444444 0.0453125 0.11388888888888889
0 0.653125 0.23055555555555557 0.0265625 0.06388888888888888
0 0.63125 0.2375 0.0203125 0.06388888888888888
0 0.53125 0.2777777777777778 0.0234375 0.075
