0 0.84765625 0.4236111111111111 0.0265625 0.06666666666666667
0 0.8703125 0.39305555555555555 0.028125 0.06388888888888888
1 0.35859375 0.7472222222222222 0.1640625 0.3111111111111111
1 0.47109375 0.43472222222222223 0.09375 0.175
1 0.40078125 0.38333333333333336 0.0828125 0.14166666666666666
1 0.39609375 0.2222222222222222 0.0484375 0.06666666666666667
1 0.20859375 0.6222222222222222 0.2125 0.3472222222222222
1 0.49453125 0.2652777777777778 0.0515625 0.08055555555555556
2 0.3703125 0.15555555555555556 0.0640625 0.08055555555555556
1 0.48359375 0.31527777777777777 0.0453125 0.08333333333333333
1 0.415625 0.30972222222222223 0.05 0.08888888888888889
3 0.31953125 0.14166666666666666 0.0578125 0.09166666666666666
