0 0.209375 0.2833333333333333 0.0390625 0.05555555555555555
0 0.078125 0.4 0.0625 0.09444444444444444
0 0.128125 0.7694444444444445 0.0859375 0.23055555555555557
0 0.2734375 0.425 0.0390625 0.11944444444444445
0 0.30625 0.3138888888888889 0.0421875 0.10833333333333334
0 0.3453125 0.30833333333333335 0.0265625 0.08611111111111111
0 0.375 0.2861111111111111 0.025 0.075
1 0.4140625 0.4583333333333333 0.0953125 0.20833333333333334
0 0.7734375 0.45555555555555555 0.040625 0.1111111111111111
0 0.95 0.6305555555555555 0.0546875 0.175
0 0.6125 0.3888888888888889 0.025 0.10277777777777777
0 0.64375 0.275 0.0171875 0.06388888888888888
0 0.7171875 0.3194444444444444 0.021875 0.08888888888888889
0 0.5328125 0.24722222222222223 0.021875 0.075
0 0.35625 0.25555555555555554 0.01875 0.06666666666666667
0 0.3875 0.22777777777777777 0.015625 0.05277777777777778
0 0.4046875 0.2111111111111111 0.0203125 0.05
0 0.371875 0.20555555555555555 0.0171875 0.06111111111111111
0 0.45 0.23333333333333334 0.0203125 0.06944444444444445
0 0.6203125 0.25555555555555554 0.01875 0.06388888888888888
