1 0.56953125 0.4708333333333333 0.08125 0.1527777777777778
1 0.67578125 0.8458333333333333 0.16875 0.26944444444444443
1 0.54765625 0.3125 0.0625 0.1
1 0.590625 0.22777777777777777 0.05 0.08888888888888889
0 0.0796875 0.7444444444444445 0.0640625 0.15
0 0.0703125 0.4263888888888889 0.059375 0.075
0 0.20703125 0.31527777777777777 0.053125 0.05277777777777778
0 0.325 0.3055555555555556 0.0203125 0.07777777777777778
0 0.35 0.29444444444444445 0.021875 0.08333333333333333
0 0.3703125 0.2972222222222222 0.0234375 0.06666666666666667
0 0.403125 0.28055555555555556 0.021875 0.06944444444444445
0 0.4453125 0.29305555555555557 0.03125 0.06666666666666667
0 0.66328125 0.4041666666666667 0.0375 0.1111111111111111
0 0.66953125 0.3 0.0265625 0.07777777777777778
0 0.7546875 0.5430555555555555 0.0515625 0.1361111111111111
0 0.9515625 0.7361111111111112 0.0515625 0.125
0 0.60546875 0.30694444444444446 0.028125 0.08888888888888889
0 0.6671875 0.22916666666666666 0.021875 0.06388888888888888
0 0.38984375 0.37083333333333335 0.025 0.07777777777777778
3 0.52578125 0.21944444444444444 0.053125 0.10833333333333334
