0 0.0765625 0.40555555555555556 0.0609375 0.08055555555555556
0 0.2625 0.44722222222222224 0.0265625 0.09444444444444444
0 0.328125 0.4 0.034375 0.09722222222222222
0 0.28125 0.3333333333333333 0.021875 0.08333333333333333
0 0.278125 0.6 0.040625 0.15555555555555556
0 0.14375 0.6527777777777778 0.0671875 0.2222222222222222
0 0.621875 0.21388888888888888 0.0140625 0.04722222222222222
0 0.7765625 0.39444444444444443 0.0296875 0.09722222222222222
0 0.05 0.8777777777777778 0.08125 0.2388888888888889
0 0.3171875 0.3 0.01875 0.06944444444444445
0 0.375 0.21666666666666667 0.0140625 0.05555555555555555
0 0.4 0.2111111111111111 0.0109375 0.05555555555555555
