0 0.9796875 0.6444444444444445 0.0328125 0.15555555555555556
0 0.165625 0.39444444444444443 0.0234375 0.09166666666666666
1 0.571875 0.6333333333333333 0.109375 0.21388888888888888
1 0.5328125 0.39166666666666666 0.0546875 0.10555555555555556
1 0.41875 0.21666666666666667 0.05625 0.058333333333333334
1 0.525 0.3111111111111111 0.0421875 0.06666666666666667
1 0.625 0.2777777777777778 0.040625 0.05555555555555555
2 0.6828125 0.43333333333333335 0.1421875 0.2777777777777778
1 0.528125 0.26666666666666666 0.0484375 0.07777777777777778
2 0.6734375 0.225 0.06875 0.08611111111111111
