0 0.3984375 0.3194444444444444 0.040625 0.09444444444444444
0 0.215625 0.5138888888888888 0.046875 0.16944444444444445
0 0.49609375 0.25555555555555554 0.034375 0.05555555555555555
0 0.81015625 0.7208333333333333 0.0671875 0.13055555555555556
0 0.91015625 0.4125 0.071875 0.06944444444444445
1 0.56171875 0.2625 0.046875 0.09166666666666666
0 0.44765625 0.3875 0.025 0.08888888888888889
0 0.40390625 0.4027777777777778 0.0265625 0.08611111111111111
0 0.40546875 0.2361111111111111 0.021875 0.05555555555555555
0 0.38046875 0.22361111111111112 0.0203125 0.06111111111111111
0 0.60234375 0.225 0.0171875 0.06666666666666667
0 0.47109375 0.25416666666666665 0.0125 0.04722222222222222
