0 0.246875 0.5305555555555556 0.0359375 0.12777777777777777
0 0.7546875 0.41944444444444445 0.028125 0.08611111111111111
1 0.571875 0.6027777777777777 0.103125 0.2
1 0.675 0.8888888888888888 0.175 0.2222222222222222
1 0.759375 0.6833333333333333 0.15625 0.2388888888888889
1 0.534375 0.40555555555555556 0.059375 0.11666666666666667
1 0.6375 0.4444444444444444 0.0890625 0.1361111111111111
2 0.6375 0.2388888888888889 0.0796875 0.1
2 0.540625 0.26666666666666666 0.075 0.11388888888888889
3 0.6203125 0.325 0.06875 0.12222222222222222
