0 0.3171875 0.2986111111111111 0.034375 0.09722222222222222
0 0.3875 0.2777777777777778 0.028125 0.075
1 0.6609375 0.38055555555555554 0.0875 0.15833333333333333
0 0.58984375 0.3638888888888889 0.0328125 0.09444444444444444
0 0.7140625 0.55 0.0546875 0.11944444444444445
0 0.84375 0.8111111111111111 0.06875 0.20555555555555555
0 0.71015625 0.3625 0.028125 0.07222222222222222
0 0.69609375 0.29583333333333334 0.0203125 0.04722222222222222
0 0.6515625 0.28194444444444444 0.0203125 0.05277777777777778
0 0.5953125 0.27361111111111114 0.025 0.06666666666666667
0 0.62109375 0.26944444444444443 0.0234375 0.06388888888888888
3 0.484375 0.2125 0.078125 0.15555555555555556
0 0.67109375 0.2777777777777778 0.0265625 0.06111111111111111
