0 0.4046875 0.46944444444444444 0.0421875 0.12222222222222222
0 0.034375 0.34444444444444444 0.053125 0.1361111111111111
1 0.5765625 0.7555555555555555 0.16875 0.3138888888888889
1 0.68203125 0.6875 0.1484375 0.23333333333333334
1 0.53359375 0.46111111111111114 0.078125 0.14166666666666666
1 0.5359375 0.34305555555555556 0.05625 0.09166666666666666
1 0.61484375 0.44722222222222224 0.0734375 0.125
1 0.5671875 0.2861111111111111 0.04375 0.06666666666666667
1 0.61953125 0.3402777777777778 0.05 0.08333333333333333
1 0.6453125 0.31666666666666665 0.0453125 0.06666666666666667
3 0.584375 0.225 0.121875 0.125
1 0.3421875 0.25833333333333336 0.0609375 0.1
