0 0.4140625 0.4111111111111111 0.034375 0.1111111111111111
0 0.315625 0.4027777777777778 0.025 0.09444444444444444
0 0.2515625 0.375 0.03125 0.09166666666666666
0 0.2953125 0.33055555555555555 0.0234375 0.075
0 0.3328125 0.3055555555555556 0.021875 0.06666666666666667
0 0.346875 0.2611111111111111 0.0203125 0.06944444444444445
0 0.39375 0.2861111111111111 0.0265625 0.05277777777777778
0 0.4421875 0.2833333333333333 0.0296875 0.06944444444444445
0 0.25625 0.6416666666666667 0.040625 0.12777777777777777
0 0.31875 0.7416666666666667 0.04375 0.19166666666666668
0 0.2046875 0.5416666666666666 0.034375 0.1388888888888889
0 0.0734375 0.4027777777777778 0.0625 0.08333333333333333
0 0.671875 0.36666666666666664 0.025 0.09166666666666666
0 0.6640625 0.2611111111111111 0.0125 0.044444444444444446
0 0.48125 0.25555555555555554 0.015625 0.06388888888888888
0 0.3859375 0.22777777777777777 0.015625 0.044444444444444446
0 0.36875 0.18333333333333332 0.0140625 0.025
