1 0.7203125 0.6444444444444445 0.1265625 0.2
1 0.634375 0.45 0.071875 0.11666666666666667
1 0.5671875 0.6027777777777777 0.1078125 0.23333333333333334
1 0.54375 0.4222222222222222 0.0625 0.08888888888888889
1 0.70625 0.2388888888888889 0.0421875 0.05
1 0.6125 0.32222222222222224 0.0421875 0.06666666666666667
1 0.33125 0.2111111111111111 0.046875 0.04722222222222222
1 0.575 0.3527777777777778 0.05 0.07222222222222222
1 0.53125 0.29444444444444445 0.0484375 0.06666666666666667
1 0.5328125 0.35 0.05 0.07222222222222222
2 0.5953125 0.22777777777777777 0.1375 0.09166666666666666
