0 0.1671875 0.32083333333333336 0.025 0.08333333333333333
1 0.77890625 0.7986111111111112 0.1796875 0.28055555555555556
1 0.60546875 0.8430555555555556 0.153125 0.30277777777777776
1 0.55859375 0.5541666666666667 0.090625 0.16666666666666666
1 0.6296875 0.44166666666666665 0.0734375 0.12222222222222222
1 0.68125 0.25555555555555554 0.0390625 0.05
1 0.590625 0.3333333333333333 0.0453125 0.06666666666666667
1 0.5265625 0.3263888888888889 0.0515625 0.08055555555555556
1 0.5609375 0.2763888888888889 0.0390625 0.058333333333333334
1 0.60234375 0.28888888888888886 0.0421875 0.05277777777777778
2 0.72734375 0.21666666666666667 0.0640625 0.06944444444444445
3 0.43125 0.19583333333333333 0.1265625 0.10833333333333334
