1 0.63125 0.5 0.090625 0.19444444444444445
2 0.7203125 0.8138888888888889 0.3359375 0.3638888888888889
1 0.54921875 0.36944444444444446 0.0703125 0.13333333333333333
1 0.5390625 0.26944444444444443 0.0546875 0.075
1 0.575 0.19305555555555556 0.0390625 0.07222222222222222
0 0.3625 0.5194444444444445 0.040625 0.14166666666666666
0 0.20859375 0.6402777777777777 0.0609375 0.1361111111111111
0 0.221875 0.525 0.0484375 0.11388888888888889
0 0.075 0.42916666666666664 0.0578125 0.08055555555555556
0 0.20234375 0.30416666666666664 0.0453125 0.03888888888888889
0 0.3125 0.41388888888888886 0.0296875 0.08333333333333333
0 0.43515625 0.3958333333333333 0.0203125 0.08333333333333333
0 0.40390625 0.31666666666666665 0.021875 0.08055555555555556
0 0.32578125 0.36666666666666664 0.0375 0.10277777777777777
0 0.36796875 0.2916666666666667 0.025 0.07222222222222222
0 0.70625 0.3541666666666667 0.0375 0.10277777777777777
0 0.64453125 0.29305555555555557 0.01875 0.07777777777777778
0 0.615625 0.19583333333333333 0.0203125 0.075
0 0.58359375 0.28055555555555556 0.0234375 0.06111111111111111
0 0.61015625 0.29305555555555557 0.01875 0.058333333333333334
0 0.21484375 0.45416666666666666 0.0375 0.09722222222222222
0 0.30625 0.5013888888888889 0.040625 0.13055555555555556
0 0.35 0.28194444444444444 0.0171875 0.05555555555555555
0 0.325 0.25833333333333336 0.01875 0.06944444444444445
0 0.36484375 0.23333333333333334 0.01875 0.05277777777777778
0 0.3828125 0.26805555555555555 0.015625 0.05
0 0.66015625 0.2263888888888889 0.01875 0.058333333333333334
0 0.4046875 0.25 0.0171875 0.05
0 0.38203125 0.2125 0.0140625 0.041666666666666664
0 0.390625 0.16805555555555557 0.015625 0.041666666666666664
