0 0.796875 0.6277777777777778 0.0703125 0.18333333333333332
0 0.77734375 0.45416666666666666 0.0453125 0.11944444444444445
0 0.85546875 0.45 0.046875 0.11388888888888889
0 0.8 0.8097222222222222 0.0984375 0.19166666666666668
0 0.68203125 0.3375 0.0390625 0.11944444444444445
0 0.328125 0.3861111111111111 0.028125 0.1
0 0.23046875 0.6041666666666666 0.053125 0.12777777777777777
0 0.125 0.8166666666666667 0.08125 0.15833333333333333
0 0.9109375 0.3013888888888889 0.05625 0.08055555555555556
0 0.32578125 0.2611111111111111 0.021875 0.06388888888888888
0 0.3390625 0.2638888888888889 0.0203125 0.05555555555555555
0 0.371875 0.2375 0.0203125 0.058333333333333334
0 0.43984375 0.3347222222222222 0.03125 0.08888888888888889
0 0.1296875 0.9236111111111112 0.0875 0.1527777777777778
