0 0.671875 0.4097222222222222 0.0375 0.08888888888888889
0 0.55625 0.30694444444444446 0.0328125 0.09166666666666666
1 0.428125 0.39861111111111114 0.0796875 0.16944444444444445
0 0.3203125 0.3638888888888889 0.0453125 0.1388888888888889
0 0.18671875 0.39166666666666666 0.0453125 0.14722222222222223
0 0.23046875 0.4013888888888889 0.053125 0.1361111111111111
0 0.1703125 0.5166666666666667 0.0453125 0.13055555555555556
0 0.1015625 0.2569444444444444 0.0671875 0.075
0 0.31875 0.24722222222222223 0.0359375 0.08055555555555556
0 0.35625 0.2972222222222222 0.034375 0.1111111111111111
0 0.4 0.30972222222222223 0.0296875 0.07222222222222222
0 0.4390625 0.2986111111111111 0.034375 0.06944444444444445
0 0.3515625 0.25833333333333336 0.021875 0.06388888888888888
0 0.38828125 0.25416666666666665 0.025 0.075
0 0.4171875 0.2513888888888889 0.0234375 0.06388888888888888
0 0.37265625 0.22361111111111112 0.021875 0.06666666666666667
0 0.3578125 0.2111111111111111 0.01875 0.05555555555555555
0 0.421875 0.19583333333333333 0.025 0.06111111111111111
0 0.39296875 0.16805555555555557 0.0171875 0.05277777777777778
0 0.45078125 0.20833333333333334 0.021875 0.06388888888888888
0 0.4765625 0.21805555555555556 0.025 0.075
