1 0.5421875 0.48333333333333334 0.0828125 0.14444444444444443
1 0.6296875 0.9305555555555556 0.184375 0.1388888888888889
1 0.54296875 0.2916666666666667 0.046875 0.07777777777777778
1 0.64375 0.2902777777777778 0.046875 0.06666666666666667
1 0.62265625 0.3194444444444444 0.0421875 0.06666666666666667
1 0.6828125 0.27361111111111114 0.053125 0.058333333333333334
1 0.4046875 0.19305555555555556 0.0546875 0.06666666666666667
2 0.79453125 0.7972222222222223 0.2859375 0.40555555555555556
2 0.64765625 0.48194444444444445 0.125 0.21666666666666667
3 0.5296875 0.20694444444444443 0.0828125 0.08611111111111111
