0 0.1203125 0.39305555555555555 0.0296875 0.07222222222222222
0 0.159375 0.3861111111111111 0.0265625 0.058333333333333334
1 0.8859375 0.7194444444444444 0.228125 0.3277777777777778
1 0.69375 0.5111111111111111 0.1421875 0.24166666666666667
1 0.578125 0.3819444444444444 0.075 0.13333333333333333
1 0.553125 0.29305555555555557 0.0578125 0.09444444444444444
1 0.67421875 0.16111111111111112 0.0453125 0.06666666666666667
1 0.6359375 0.1625 0.0390625 0.05
2 0.41328125 0.25277777777777777 0.1359375 0.1527777777777778
2 0.609375 0.20416666666666666 0.04375 0.07222222222222222
3 0.4953125 0.26805555555555555 0.0546875 0.10833333333333334
