1 0.6421875 0.8611111111111112 0.1796875 0.2722222222222222
1 0.675 0.5333333333333333 0.0953125 0.15833333333333333
1 0.528125 0.425 0.075 0.125
1 0.603125 0.3111111111111111 0.0421875 0.06944444444444445
1 0.9375 0.6277777777777778 0.1078125 0.17777777777777778
1 0.603125 0.35 0.04375 0.058333333333333334
1 0.603125 0.40555555555555556 0.0546875 0.09722222222222222
1 0.60625 0.2833333333333333 0.040625 0.05555555555555555
2 0.7703125 0.7 0.209375 0.35833333333333334
2 0.603125 0.40555555555555556 0.0546875 0.09722222222222222
2 0.684375 0.23333333333333334 0.0484375 0.06111111111111111
3 0.58125 0.20277777777777778 0.0984375 0.10277777777777777
