1 0.590625 0.5944444444444444 0.146875 0.2722222222222222
1 0.7609375 0.5472222222222223 0.1890625 0.30277777777777776
1 0.53828125 0.4486111111111111 0.0890625 0.15555555555555556
1 0.49453125 0.2222222222222222 0.0609375 0.07777777777777778
1 0.48984375 0.2986111111111111 0.0578125 0.1
1 0.6265625 0.17222222222222222 0.05 0.06944444444444445
2 0.590625 0.24861111111111112 0.1046875 0.16666666666666666
3 0.62734375 0.35138888888888886 0.09375 0.19722222222222222
0 0.13515625 0.5958333333333333 0.0515625 0.13055555555555556
0 0.22421875 0.8625 0.078125 0.18333333333333332
