0 0.871875 0.575 0.0421875 0.11944444444444445
0 0.29375 0.2763888888888889 0.034375 0.08333333333333333
1 0.40625 0.2361111111111111 0.0484375 0.06944444444444445
1 0.3546875 0.1986111111111111 0.0390625 0.058333333333333334
1 0.41015625 0.20277777777777778 0.040625 0.05277777777777778
1 0.46796875 0.2569444444444444 0.0578125 0.08055555555555556
1 0.49765625 0.3486111111111111 0.053125 0.10277777777777777
2 0.396875 0.4847222222222222 0.2296875 0.5027777777777778
3 0.36640625 0.1486111111111111 0.0734375 0.08333333333333333
1 0.221875 0.3527777777777778 0.1 0.14166666666666666
0 0.81875 0.4125 0.0328125 0.08333333333333333
