1 0.603125 0.6861111111111111 0.1359375 0.25277777777777777
1 0.80625 0.7805555555555556 0.209375 0.2972222222222222
1 0.634375 0.46111111111111114 0.0890625 0.1527777777777778
1 0.625 0.3638888888888889 0.053125 0.08611111111111111
2 0.728125 0.23055555555555557 0.053125 0.06388888888888888
2 0.53125 0.3638888888888889 0.0609375 0.1388888888888889
3 0.528125 0.3638888888888889 0.0703125 0.1527777777777778
3 0.284375 0.2611111111111111 0.084375 0.18333333333333332
0 0.7609375 0.39444444444444443 0.0265625 0.08055555555555556
0 0.7046875 0.32222222222222224 0.025 0.08055555555555556
