0 0.146875 0.14583333333333334 0.025 0.06111111111111111
1 0.72890625 0.7458333333333333 0.1578125 0.25555555555555554
1 0.61171875 0.5041666666666667 0.084375 0.14166666666666666
1 0.06484375 0.7194444444444444 0.1296875 0.3888888888888889
1 0.60078125 0.3680555555555556 0.053125 0.08888888888888889
1 0.68125 0.29305555555555557 0.0359375 0.05
1 0.5984375 0.24166666666666667 0.04375 0.05277777777777778
1 0.66875 0.2625 0.0390625 0.05
2 0.4265625 0.19583333333333333 0.125 0.1111111111111111
2 0.62734375 0.2986111111111111 0.0546875 0.08055555555555556
2 0.5328125 0.2972222222222222 0.0671875 0.12777777777777777
