0 0.88125 0.7458333333333333 0.0921875 0.21944444444444444
0 0.921875 0.46805555555555556 0.0703125 0.07777777777777778
0 0.80625 0.33055555555555555 0.046875 0.06111111111111111
0 0.6671875 0.2972222222222222 0.0265625 0.075
1 0.44765625 0.2833333333333333 0.0625 0.10555555555555556
0 0.22421875 0.5652777777777778 0.0375 0.1388888888888889
0 0.2453125 0.37916666666666665 0.0421875 0.125
0 0.21484375 0.37222222222222223 0.040625 0.11666666666666667
0 0.31171875 0.28055555555555556 0.028125 0.06388888888888888
0 0.2796875 0.2875 0.025 0.06111111111111111
0 0.33125 0.26805555555555555 0.021875 0.06944444444444445
0 0.35078125 0.2875 0.03125 0.09444444444444444
0 0.38046875 0.25833333333333336 0.0203125 0.06666666666666667
0 0.40234375 0.25833333333333336 0.0328125 0.07777777777777778
0 0.63828125 0.2375 0.0203125 0.07222222222222222
