0 0.403125 0.5055555555555555 0.0296875 0.11388888888888889
0 0.0265625 0.5194444444444445 0.0390625 0.125
1 0.6046875 0.7222222222222222 0.140625 0.26666666666666666
1 0.7 0.6166666666666667 0.1296875 0.18888888888888888
1 0.528125 0.45 0.065625 0.11944444444444445
1 0.5171875 0.3333333333333333 0.0484375 0.075
1 0.60625 0.40555555555555556 0.0625 0.10555555555555556
1 0.540625 0.26666666666666666 0.0390625 0.05277777777777778
1 0.5984375 0.3 0.0421875 0.06944444444444445
1 0.6203125 0.26666666666666666 0.040625 0.05277777777777778
3 0.55 0.2 0.1140625 0.08333333333333333
1 0.3171875 0.32222222222222224 0.053125 0.08333333333333333
