1 0.746875 0.5708333333333333 0.1703125 0.25833333333333336
1 0.65703125 0.7902777777777777 0.2078125 0.38333333333333336
1 0.57734375 0.26944444444444443 0.0515625 0.075
1 0.58984375 0.3375 0.0515625 0.08333333333333333
1 0.6140625 0.23194444444444445 0.04375 0.058333333333333334
1 0.5359375 0.4388888888888889 0.09375 0.175
1 0.63515625 0.3972222222222222 0.0765625 0.1388888888888889
2 0.32265625 0.24583333333333332 0.1328125 0.1361111111111111
2 0.67265625 0.1875 0.134375 0.125
3 0.57265625 0.21805555555555556 0.0625 0.09722222222222222
