1 0.690625 0.575 0.121875 0.18611111111111112
1 0.525 0.22777777777777777 0.0578125 0.05555555555555555
1 0.528125 0.4027777777777778 0.06875 0.125
1 0.621875 0.26944444444444443 0.0515625 0.058333333333333334
1 0.596875 0.3 0.040625 0.05277777777777778
1 0.5203125 0.32222222222222224 0.0484375 0.075
1 0.596875 0.25555555555555554 0.0453125 0.05555555555555555
1 0.6890625 0.25277777777777777 0.040625 0.044444444444444446
2 0.6328125 0.3972222222222222 0.090625 0.15
1 0.259375 0.3333333333333333 0.0609375 0.07777777777777778
