0 0.79609375 0.6944444444444444 0.0734375 0.175
0 0.759375 0.5666666666666667 0.046875 0.125
0 0.7171875 0.49027777777777776 0.05 0.10833333333333334
0 0.75234375 0.44583333333333336 0.0359375 0.07777777777777778
0 0.71640625 0.4125 0.034375 0.07777777777777778
0 0.6578125 0.37222222222222223 0.021875 0.06666666666666667
0 0.68515625 0.38472222222222224 0.03125 0.08611111111111111
0 0.6421875 0.3347222222222222 0.0234375 0.05
0 0.6234375 0.32222222222222224 0.0265625 0.06388888888888888
1 0.58203125 0.30694444444444446 0.075 0.1388888888888889
0 0.22890625 0.30833333333333335 0.0328125 0.08333333333333333
0 0.41015625 0.1763888888888889 0.046875 0.09444444444444444
0 0.1078125 0.22083333333333333 0.071875 0.08888888888888889
0 0.2421875 0.16527777777777777 0.046875 0.05277777777777778
0 0.70234375 0.3861111111111111 0.028125 0.09444444444444444
