0 0.6953125 0.4486111111111111 0.04375 0.10555555555555556
0 0.78984375 0.6111111111111112 0.040625 0.12222222222222222
0 0.62109375 0.3375 0.0328125 0.08333333333333333
0 0.6515625 0.3819444444444444 0.0375 0.1
0 0.67109375 0.31527777777777777 0.025 0.06111111111111111
0 0.69375 0.3125 0.0328125 0.07777777777777778
0 0.44375 0.3902777777777778 0.0375 0.1111111111111111
0 0.4359375 0.3 0.034375 0.08055555555555556
0 0.3953125 0.3111111111111111 0.0390625 0.08888888888888889
0 0.340625 0.3263888888888889 0.0296875 0.08888888888888889
0 0.32890625 0.2875 0.0234375 0.07222222222222222
0 0.31015625 0.2708333333333333 0.0328125 0.08055555555555556
0 0.30234375 0.5055555555555555 0.053125 0.11944444444444445
0 0.09375 0.26944444444444443 0.06875 0.10555555555555556
1 0.61875 0.7361111111111112 0.1640625 0.3055555555555556
1 0.5671875 0.4388888888888889 0.0890625 0.15833333333333333
1 0.57578125 0.3055555555555556 0.05625 0.09444444444444444
1 0.61953125 0.25277777777777777 0.0375 0.075
0 0.48671875 0.24583333333333332 0.028125 0.08055555555555556
0 0.38046875 0.22361111111111112 0.0296875 0.08333333333333333
0 0.4234375 0.2125 0.0234375 0.07222222222222222
3 0.56015625 0.2375 0.053125 0.10277777777777777
0 0.39921875 0.22777777777777777 0.0234375 0.06388888888888888
