0 0.78125 0.7888888888888889 0.06875 0.23055555555555557
0 0.81328125 0.5597222222222222 0.0578125 0.19722222222222222
0 0.696875 0.49166666666666664 0.05625 0.11666666666666667
0 0.91953125 0.3875 0.059375 0.06944444444444445
0 0.78828125 0.28055555555555556 0.0578125 0.08055555555555556
0 0.66953125 0.28055555555555556 0.021875 0.08333333333333333
1 0.54921875 0.28194444444444444 0.0484375 0.1
0 0.47421875 0.2763888888888889 0.0515625 0.07777777777777778
0 0.334375 0.34444444444444444 0.028125 0.09166666666666666
0 0.0796875 0.6819444444444445 0.04375 0.15555555555555556
0 0.1296875 0.8027777777777778 0.059375 0.21666666666666667
