0 0.2484375 0.4444444444444444 0.0484375 0.1388888888888889
0 0.75859375 0.5069444444444444 0.0375 0.09444444444444444
1 0.559375 0.625 0.1234375 0.23055555555555557
1 0.62890625 0.9013888888888889 0.1953125 0.19722222222222222
1 0.73515625 0.7680555555555556 0.1796875 0.28888888888888886
1 0.54375 0.41944444444444445 0.0703125 0.13333333333333333
1 0.640625 0.49166666666666664 0.1015625 0.1638888888888889
2 0.66328125 0.2902777777777778 0.0890625 0.125
2 0.56484375 0.2847222222222222 0.0859375 0.1361111111111111
3 0.63671875 0.36944444444444446 0.08125 0.14444444444444443
