0 0.06875 0.525 0.0953125 0.21388888888888888
0 0.18046875 0.3902777777777778 0.059375 0.11944444444444445
0 0.09609375 0.24444444444444444 0.0609375 0.08611111111111111
0 0.30546875 0.39166666666666666 0.0453125 0.11388888888888889
0 0.3515625 0.3013888888888889 0.0421875 0.1
0 0.31875 0.2777777777777778 0.0375 0.09444444444444444
0 0.39765625 0.31666666666666665 0.0515625 0.11944444444444445
1 0.45390625 0.29583333333333334 0.0734375 0.1388888888888889
3 0.64453125 0.6666666666666666 0.3453125 0.6666666666666666
1 0.5640625 0.3375 0.05625 0.09444444444444444
1 0.8265625 0.8652777777777778 0.196875 0.26944444444444443
0 0.7046875 0.4013888888888889 0.0296875 0.07222222222222222
0 0.6671875 0.2791666666666667 0.0296875 0.07777777777777778
0 0.33515625 0.2222222222222222 0.0328125 0.08055555555555556
0 0.3890625 0.19722222222222222 0.0234375 0.06944444444444445
0 0.40234375 0.17916666666666667 0.0234375 0.06944444444444445
0 0.43203125 0.17083333333333334 0.0265625 0.06111111111111111
