3 0.59921875 0.3819444444444444 0.2265625 0.43333333333333335
0 0.7421875 0.35555555555555557 0.0546875 0.12777777777777777
0 0.8328125 0.41805555555555557 0.059375 0.1527777777777778
0 0.1671875 0.6652777777777777 0.059375 0.125
0 0.23828125 0.5388888888888889 0.046875 0.11944444444444445
0 0.2734375 0.46944444444444444 0.0375 0.11388888888888889
0 0.084375 0.5902777777777778 0.0734375 0.10555555555555556
0 0.33125 0.2972222222222222 0.03125 0.06944444444444445
0 0.29453125 0.3416666666666667 0.03125 0.075
0 0.659375 0.23472222222222222 0.03125 0.07777777777777778
