1 0.44453125 0.3277777777777778 0.0484375 0.075
1 0.37265625 0.39444444444444443 0.053125 0.09444444444444444
1 0.9421875 0.6569444444444444 0.115625 0.38055555555555554
2 0.271875 0.6763888888888889 0.2609375 0.4722222222222222
2 0.36484375 0.33194444444444443 0.05 0.08888888888888889
3 0.40859375 0.2708333333333333 0.075 0.10555555555555556
3 0.32578125 0.25972222222222224 0.078125 0.10277777777777777
1 0.6390625 0.23472222222222222 0.065625 0.10555555555555556
0 0.89296875 0.2972222222222222 0.040625 0.1
0 0.25234375 0.4861111111111111 0.025 0.07222222222222222
