0 0.296875 0.35 0.0296875 0.09444444444444444
0 0.35 0.30833333333333335 0.0171875 0.06944444444444445
0 0.384375 0.3111111111111111 0.0234375 0.05555555555555555
0 0.2296875 0.41388888888888886 0.025 0.08055555555555556
0 0.178125 0.55 0.0484375 0.1111111111111111
0 0.08125 0.40555555555555556 0.0671875 0.08055555555555556
1 0.684375 0.4444444444444444 0.090625 0.11666666666666667
0 0.7859375 0.5277777777777778 0.034375 0.09444444444444444
0 0.70625 0.35833333333333334 0.021875 0.08611111111111111
0 0.6828125 0.2916666666666667 0.01875 0.07777777777777778
1 0.5796875 0.2638888888888889 0.0484375 0.07777777777777778
0 0.9 0.8222222222222222 0.06875 0.2
0 0.3078125 0.2916666666666667 0.01875 0.05555555555555555
0 0.3421875 0.2833333333333333 0.015625 0.05555555555555555
0 0.4 0.24722222222222223 0.0109375 0.05
0 0.371875 0.26666666666666666 0.0109375 0.058333333333333334
1 0.4609375 0.2388888888888889 0.04375 0.08055555555555556
0 0.534375 0.2222222222222222 0.0125 0.05555555555555555
