0 0.97421875 0.5861111111111111 0.0515625 0.16111111111111112
1 0.621875 0.8 0.165625 0.32222222222222224
1 0.54921875 0.47638888888888886 0.0828125 0.14722222222222223
1 0.36015625 0.2263888888888889 0.059375 0.058333333333333334
1 0.6046875 0.2847222222222222 0.0421875 0.07222222222222222
1 0.5265625 0.3472222222222222 0.0578125 0.09166666666666666
2 0.721875 0.4847222222222222 0.1828125 0.34444444444444444
2 0.6328125 0.2263888888888889 0.0703125 0.08888888888888889
2 0.51875 0.29305555555555557 0.0546875 0.07222222222222222
2 0.6046875 0.2847222222222222 0.0453125 0.07777777777777778
