1 0.5796875 0.29444444444444445 0.0421875 0.075
1 0.7359375 0.8861111111111111 0.1828125 0.225
0 0.590625 0.48333333333333334 0.0390625 0.11944444444444445
0 0.634375 0.4222222222222222 0.0234375 0.08333333333333333
0 0.778125 0.5333333333333333 0.046875 0.12777777777777777
0 0.6390625 0.28888888888888886 0.0203125 0.07222222222222222
0 0.328125 0.37777777777777777 0.0296875 0.09444444444444444
0 0.2703125 0.36666666666666664 0.0234375 0.08888888888888889
0 0.215625 0.49444444444444446 0.025 0.10555555555555556
0 0.34375 0.28888888888888886 0.0203125 0.06666666666666667
0 0.353125 0.22777777777777777 0.0171875 0.05
0 0.3875 0.2222222222222222 0.0171875 0.05555555555555555
0 0.259375 0.6166666666666667 0.0453125 0.16944444444444445
0 0.184375 0.6805555555555556 0.059375 0.17777777777777778
