1 0.38671875 0.5513888888888889 0.1078125 0.21944444444444444
1 0.75234375 0.6638888888888889 0.1515625 0.22777777777777777
0 0.76640625 0.5055555555555555 0.034375 0.10833333333333334
0 0.73515625 0.40694444444444444 0.0359375 0.09166666666666666
0 0.609375 0.3472222222222222 0.025 0.06944444444444445
1 0.5921875 0.31666666666666665 0.05625 0.08333333333333333
1 0.6234375 0.26666666666666666 0.05 0.07222222222222222
0 0.07734375 0.31527777777777777 0.0609375 0.08611111111111111
0 0.31875 0.3819444444444444 0.0296875 0.08611111111111111
0 0.29765625 0.35555555555555557 0.028125 0.08611111111111111
0 0.35234375 0.25972222222222224 0.0234375 0.07222222222222222
0 0.30859375 0.2833333333333333 0.0234375 0.06111111111111111
0 0.92734375 0.8972222222222223 0.1109375 0.20555555555555555
0 0.39296875 0.24027777777777778 0.01875 0.06666666666666667
0 0.43046875 0.24166666666666667 0.0203125 0.06111111111111111
0 0.35859375 0.2111111111111111 0.0171875 0.03888888888888889
0 0.384375 0.22083333333333333 0.01875 0.05277777777777778
0 0.55625 0.24444444444444444 0.025 0.07222222222222222
0 0.5375 0.2388888888888889 0.01875 0.05277777777777778
