1 0.6296875 0.6111111111111112 0.10625 0.19722222222222222
0 0.7890625 0.6611111111111111 0.059375 0.17777777777777778
0 0.65625 0.3055555555555556 0.0265625 0.06944444444444445
0 0.3390625 0.55 0.04375 0.15833333333333333
0 0.2203125 0.6222222222222222 0.0484375 0.13333333333333333
0 0.2921875 0.6694444444444444 0.0546875 0.17222222222222222
0 0.284375 0.43333333333333335 0.034375 0.10277777777777777
0 0.3265625 0.3638888888888889 0.0265625 0.1
0 0.3625 0.3055555555555556 0.0203125 0.07777777777777778
0 0.39375 0.3055555555555556 0.025 0.06388888888888888
0 0.40625 0.5444444444444444 0.0515625 0.13055555555555556
0 0.1125 0.85 0.075 0.24166666666666667
0 0.053125 0.7555555555555555 0.0640625 0.18611111111111112
0 0.3546875 0.2722222222222222 0.0125 0.05555555555555555
