1 0.515625 0.30277777777777776 0.05 0.07777777777777778
1 0.59609375 0.31805555555555554 0.0546875 0.09444444444444444
1 0.10390625 0.8791666666666667 0.1640625 0.24166666666666667
2 0.7484375 0.5125 0.2703125 0.49166666666666664
2 0.58984375 0.25416666666666665 0.053125 0.09444444444444444
3 0.5359375 0.2263888888888889 0.078125 0.11388888888888889
3 0.6109375 0.16111111111111112 0.0765625 0.09444444444444444
1 0.31484375 0.3458333333333333 0.0640625 0.10277777777777777
0 0.09296875 0.5736111111111111 0.0375 0.1
0 0.7265625 0.32222222222222224 0.0234375 0.07222222222222222
