0 0.75078125 0.3819444444444444 0.05 0.1111111111111111
0 0.7796875 0.6097222222222223 0.0765625 0.175
0 0.30703125 0.3597222222222222 0.040625 0.09444444444444444
0 0.09140625 0.35555555555555557 0.0765625 0.11388888888888889
0 0.21875 0.2652777777777778 0.0484375 0.05
0 0.31875 0.28055555555555556 0.01875 0.06666666666666667
0 0.36171875 0.2638888888888889 0.0171875 0.06388888888888888
0 0.58359375 0.43333333333333335 0.0375 0.12222222222222222
0 0.6921875 0.30416666666666664 0.0359375 0.06666666666666667
0 0.62578125 0.26944444444444443 0.0203125 0.075
1 0.4484375 0.24444444444444444 0.04375 0.07222222222222222
0 0.2015625 0.55 0.0640625 0.15833333333333333
0 0.284375 0.2902777777777778 0.0234375 0.08333333333333333
0 0.34140625 0.2513888888888889 0.015625 0.07222222222222222
0 0.36015625 0.20277777777777778 0.01875 0.058333333333333334
