0 0.096875 0.25833333333333336 0.078125 0.11666666666666667
0 0.23671875 0.18888888888888888 0.04375 0.06111111111111111
1 0.3875 0.49722222222222223 0.15 0.3
0 0.75546875 0.4666666666666667 0.05 0.10555555555555556
0 0.6546875 0.35 0.0328125 0.08888888888888889
0 0.3921875 0.24722222222222223 0.028125 0.08333333333333333
1 0.45703125 0.2847222222222222 0.0640625 0.11388888888888889
0 0.1703125 0.45694444444444443 0.059375 0.1638888888888889
0 0.3 0.25833333333333336 0.0359375 0.09444444444444444
0 0.5484375 0.2791666666666667 0.0609375 0.09444444444444444
0 0.3984375 0.1625 0.021875 0.06388888888888888
0 0.42890625 0.21805555555555556 0.021875 0.06666666666666667
0 0.42578125 0.18611111111111112 0.0171875 0.04722222222222222
0 0.62578125 0.2513888888888889 0.028125 0.07222222222222222
