0 0.27109375 0.2847222222222222 0.0546875 0.11666666666666667
0 0.21328125 0.49444444444444446 0.0953125 0.2
0 0.70546875 0.44027777777777777 0.05 0.10555555555555556
0 0.91640625 0.5236111111111111 0.078125 0.11666666666666667
0 0.803125 0.38333333333333336 0.0515625 0.06111111111111111
0 0.7046875 0.35833333333333334 0.021875 0.06666666666666667
0 0.66484375 0.3263888888888889 0.0234375 0.06944444444444445
0 0.42734375 0.4013888888888889 0.04375 0.12777777777777777
0 0.3375 0.23194444444444445 0.040625 0.07222222222222222
0 0.40703125 0.225 0.0265625 0.08055555555555556
1 0.5828125 0.2722222222222222 0.0484375 0.07777777777777778
0 0.78515625 0.6680555555555555 0.06875 0.16111111111111112
0 0.73671875 0.3819444444444444 0.03125 0.08611111111111111
0 0.6859375 0.32083333333333336 0.021875 0.075
0 0.67421875 0.26666666666666666 0.0234375 0.06388888888888888
