0 0.2609375 0.45555555555555555 0.046875 0.1111111111111111
0 0.090625 0.7138888888888889 0.0609375 0.16666666666666666
0 0.0765625 0.4 0.0671875 0.058333333333333334
1 0.553125 0.36666666666666664 0.05625 0.09722222222222222
0 0.6734375 0.4222222222222222 0.0390625 0.10277777777777777
0 0.7046875 0.36944444444444446 0.040625 0.09166666666666666
0 0.84375 0.6027777777777777 0.0390625 0.14722222222222223
0 0.39375 0.32222222222222224 0.0265625 0.09166666666666666
0 0.359375 0.30833333333333335 0.0203125 0.08611111111111111
1 0.440625 0.3111111111111111 0.0609375 0.1111111111111111
0 0.3828125 0.21944444444444444 0.021875 0.075
