0 0.68515625 0.3541666666666667 0.0328125 0.10277777777777777
0 0.74140625 0.3472222222222222 0.0328125 0.08888888888888889
0 0.80078125 0.5097222222222222 0.0515625 0.125
1 0.3890625 0.3888888888888889 0.0640625 0.1111111111111111
0 0.29296875 0.45 0.0359375 0.1111111111111111
0 0.3421875 0.30277777777777776 0.025 0.06666666666666667
0 0.4390625 0.3125 0.025 0.06388888888888888
0 0.421875 0.2763888888888889 0.015625 0.03888888888888889
1 0.43203125 0.20833333333333334 0.0359375 0.05555555555555555
0 0.39765625 0.2013888888888889 0.0109375 0.044444444444444446
0 0.62890625 0.225 0.0171875 0.06111111111111111
0 0.59453125 0.19583333333333333 0.015625 0.058333333333333334
3 0.5390625 0.175 0.065625 0.1527777777777778
