0 0.3171875 0.39444444444444443 0.0359375 0.1388888888888889
0 0.08125 0.41388888888888886 0.0546875 0.075
0 0.2171875 0.2916666666666667 0.0546875 0.058333333333333334
3 0.575 0.35555555555555557 0.0953125 0.175
1 0.80625 0.6555555555555556 0.15 0.21944444444444444
1 0.6453125 0.9333333333333333 0.196875 0.12222222222222222
0 0.7453125 0.3527777777777778 0.03125 0.125
0 0.6875 0.31666666666666665 0.028125 0.075
0 0.6546875 0.2833333333333333 0.025 0.09166666666666666
0 0.4546875 0.2361111111111111 0.0171875 0.06666666666666667
