0 0.340625 0.3958333333333333 0.053125 0.13333333333333333
0 0.29921875 0.34305555555555556 0.04375 0.1361111111111111
0 0.25859375 0.33611111111111114 0.0390625 0.1
0 0.20546875 0.4152777777777778 0.0421875 0.1
0 0.2859375 0.55 0.0484375 0.14166666666666666
0 0.19453125 0.6138888888888889 0.0828125 0.19722222222222222
0 0.09765625 0.29583333333333334 0.078125 0.06944444444444445
0 0.22265625 0.2152777777777778 0.0453125 0.05277777777777778
0 0.40390625 0.2986111111111111 0.0359375 0.08611111111111111
0 0.3734375 0.26666666666666666 0.028125 0.07777777777777778
1 0.61484375 0.30694444444444446 0.0484375 0.08611111111111111
0 0.3953125 0.2263888888888889 0.0203125 0.05
0 0.67578125 0.2916666666666667 0.025 0.075
0 0.06953125 0.7902777777777777 0.0796875 0.225
0 0.42421875 0.2375 0.01875 0.06666666666666667
