1 0.846875 0.8722222222222222 0.2328125 0.25277777777777777
1 0.55625 0.4888888888888889 0.0859375 0.14444444444444443
1 0.675 0.5638888888888889 0.121875 0.19166666666666668
1 0.6203125 0.26666666666666666 0.04375 0.05555555555555555
1 0.603125 0.3972222222222222 0.0703125 0.10833333333333334
1 0.6046875 0.3055555555555556 0.046875 0.06388888888888888
1 0.603125 0.8222222222222222 0.165625 0.35
1 0.68125 0.24166666666666667 0.0375 0.05277777777777778
1 0.5265625 0.32222222222222224 0.0515625 0.09444444444444444
2 0.509375 0.21666666666666667 0.14375 0.10833333333333334
3 0.6796875 0.21666666666666667 0.0453125 0.07777777777777778
