0 0.1390625 0.7972222222222223 0.1 0.25277777777777777
0 0.1296875 0.5597222222222222 0.05 0.1361111111111111
0 0.20390625 0.6152777777777778 0.059375 0.16111111111111112
0 0.35 0.32916666666666666 0.0234375 0.07777777777777778
0 0.07734375 0.3736111111111111 0.05625 0.1111111111111111
0 0.2109375 0.2652777777777778 0.0390625 0.05555555555555555
0 0.62421875 0.24027777777777778 0.0203125 0.06666666666666667
0 0.6 0.20277777777777778 0.0265625 0.06388888888888888
0 0.71171875 0.32083333333333336 0.03125 0.09444444444444444
0 0.61953125 0.30416666666666664 0.021875 0.06388888888888888
