0 0.7015625 0.4527777777777778 0.04375 0.1527777777777778
0 0.75546875 0.38472222222222224 0.04375 0.1388888888888889
0 0.6984375 0.37222222222222223 0.0390625 0.08333333333333333
0 0.68671875 0.2708333333333333 0.0203125 0.075
0 0.64921875 0.2777777777777778 0.025 0.06666666666666667
0 0.6078125 0.25833333333333336 0.0265625 0.06111111111111111
0 0.61875 0.32916666666666666 0.0296875 0.06666666666666667
1 0.55703125 0.32083333333333336 0.0671875 0.09722222222222222
0 0.30703125 0.40694444444444444 0.0390625 0.10833333333333334
0 0.3078125 0.5430555555555555 0.0375 0.1361111111111111
0 0.24296875 0.5819444444444445 0.0546875 0.1388888888888889
0 0.20234375 0.4986111111111111 0.0484375 0.09722222222222222
0 0.3640625 0.2222222222222222 0.0203125 0.07222222222222222
0 0.0796875 0.44305555555555554 0.0625 0.08611111111111111
0 0.20625 0.3277777777777778 0.05 0.06111111111111111
0 0.484375 0.23194444444444445 0.025 0.07222222222222222
