1 0.63515625 0.28055555555555556 0.0625 0.09722222222222222
0 0.68203125 0.31666666666666665 0.0390625 0.09444444444444444
1 0.60859375 0.8847222222222222 0.2015625 0.23055555555555557
0 0.1828125 0.5208333333333334 0.0984375 0.17777777777777778
0 0.27734375 0.35 0.053125 0.11944444444444445
0 0.0953125 0.25555555555555554 0.071875 0.1
0 0.3875 0.3333333333333333 0.0421875 0.1
0 0.4140625 0.38055555555555554 0.040625 0.11944444444444445
0 0.4546875 0.30277777777777776 0.0453125 0.11944444444444445
0 0.33359375 0.2902777777777778 0.0265625 0.08055555555555556
0 0.37265625 0.25277777777777777 0.028125 0.075
0 0.4046875 0.2513888888888889 0.0265625 0.06666666666666667
0 0.421875 0.28055555555555556 0.028125 0.075
0 0.3375 0.2375 0.0265625 0.075
0 0.4390625 0.2388888888888889 0.025 0.07222222222222222
0 0.3921875 0.2222222222222222 0.021875 0.06666666666666667
0 0.4765625 0.24861111111111112 0.0234375 0.06388888888888888
0 0.346875 0.3111111111111111 0.034375 0.09444444444444444
