0 0.18515625 0.2263888888888889 0.025 0.06388888888888888
0 0.16953125 0.18472222222222223 0.025 0.06388888888888888
1 0.58828125 0.8152777777777778 0.153125 0.29444444444444445
1 0.5390625 0.45555555555555555 0.0875 0.16666666666666666
1 0.615625 0.44722222222222224 0.078125 0.13333333333333333
1 0.64921875 0.2972222222222222 0.046875 0.06111111111111111
1 0.75234375 0.7847222222222222 0.2015625 0.32222222222222224
1 0.5484375 0.28055555555555556 0.05 0.07222222222222222
2 0.6859375 0.25 0.0609375 0.07222222222222222
1 0.54921875 0.3347222222222222 0.0421875 0.08055555555555556
1 0.61484375 0.3680555555555556 0.046875 0.08333333333333333
3 0.73671875 0.26666666666666666 0.0546875 0.08611111111111111
