3 0.4125 0.41805555555555557 0.103125 0.26944444444444443
0 0.2984375 0.5819444444444445 0.0375 0.10833333333333334
0 0.334375 0.44166666666666665 0.0359375 0.11944444444444445
0 0.29921875 0.34444444444444444 0.0296875 0.08055555555555556
0 0.35390625 0.3638888888888889 0.0296875 0.09166666666666666
0 0.20859375 0.5958333333333333 0.059375 0.18333333333333332
0 0.2515625 0.42916666666666664 0.03125 0.08611111111111111
0 0.2765625 0.4875 0.0390625 0.12777777777777777
0 0.69765625 0.6583333333333333 0.0515625 0.16111111111111112
0 0.31796875 0.3 0.0234375 0.06666666666666667
0 0.34921875 0.30277777777777776 0.0234375 0.058333333333333334
0 0.14296875 0.6055555555555555 0.05625 0.16111111111111112
0 0.58515625 0.19722222222222222 0.0171875 0.05555555555555555
