0 0.61875 0.5638888888888889 0.084375 0.17777777777777778
0 0.3109375 0.3888888888888889 0.0359375 0.11944444444444445
0 0.3421875 0.30277777777777776 0.0265625 0.075
0 0.3109375 0.26666666666666666 0.0203125 0.08055555555555556
0 0.075 0.4027777777777778 0.0609375 0.07777777777777778
0 0.2171875 0.28888888888888886 0.046875 0.06111111111111111
0 0.6375 0.30277777777777776 0.0390625 0.10277777777777777
0 0.690625 0.2972222222222222 0.0234375 0.07777777777777778
0 0.671875 0.25833333333333336 0.028125 0.08055555555555556
0 0.340625 0.25833333333333336 0.025 0.06944444444444445
0 0.3671875 0.23333333333333334 0.015625 0.04722222222222222
1 0.44375 0.22777777777777777 0.0375 0.06111111111111111
