1 0.328125 0.5277777777777778 0.1171875 0.19166666666666668
0 0.1453125 0.5111111111111111 0.0296875 0.11666666666666667
0 0.2203125 0.5444444444444444 0.0359375 0.08611111111111111
0 0.078125 0.6444444444444445 0.065625 0.1638888888888889
0 0.2203125 0.4388888888888889 0.03125 0.08333333333333333
0 0.25 0.37222222222222223 0.03125 0.08055555555555556
0 0.284375 0.4111111111111111 0.028125 0.07777777777777778
0 0.3265625 0.4 0.0328125 0.10277777777777777
0 0.340625 0.3388888888888889 0.0296875 0.07777777777777778
0 0.2921875 0.29444444444444445 0.0234375 0.07222222222222222
0 0.36875 0.2833333333333333 0.0171875 0.06111111111111111
0 0.659375 0.325 0.0265625 0.06944444444444445
0 0.696875 0.3888888888888889 0.0359375 0.08888888888888889
0 0.85625 0.6916666666666667 0.0609375 0.14166666666666666
2 0.453125 0.2222222222222222 0.065625 0.14166666666666666
1 0.3171875 0.8805555555555555 0.1875 0.23333333333333334
0 0.3390625 0.2638888888888889 0.0171875 0.05
0 0.353125 0.23333333333333334 0.0140625 0.05555555555555555
