3 0.41484375 0.41944444444444445 0.103125 0.2111111111111111
0 0.25 0.3416666666666667 0.0390625 0.08333333333333333
0 0.30625 0.3111111111111111 0.0359375 0.08333333333333333
0 0.34921875 0.2847222222222222 0.03125 0.08611111111111111
0 0.42734375 0.26666666666666666 0.025 0.06111111111111111
0 0.665625 0.35555555555555557 0.0296875 0.08888888888888889
0 0.73515625 0.45694444444444443 0.0359375 0.125
0 0.79609375 0.45694444444444443 0.0265625 0.08888888888888889
0 0.92265625 0.42083333333333334 0.05625 0.06666666666666667
0 0.78984375 0.3 0.05 0.04722222222222222
1 0.4625 0.30972222222222223 0.053125 0.1111111111111111
0 0.55078125 0.22916666666666666 0.015625 0.06111111111111111
