0 0.65625 0.3375 0.0359375 0.07777777777777778
0 0.06171875 0.7 0.0703125 0.20833333333333334
0 0.07734375 0.37083333333333335 0.0640625 0.06944444444444445
0 0.3921875 0.26805555555555555 0.0265625 0.07222222222222222
0 0.2953125 0.2708333333333333 0.028125 0.07222222222222222
2 0.48125 0.1763888888888889 0.05 0.10555555555555556
0 0.4359375 0.25416666666666665 0.021875 0.06944444444444445
0 0.61640625 0.22916666666666666 0.0171875 0.04722222222222222
0 0.38984375 0.2152777777777778 0.0171875 0.05
0 0.40859375 0.21666666666666667 0.0203125 0.06944444444444445
