0 0.8375 0.8097222222222222 0.1 0.23333333333333334
0 0.83671875 0.6305555555555555 0.0640625 0.1527777777777778
0 0.82421875 0.5027777777777778 0.06875 0.125
0 0.7328125 0.4305555555555556 0.040625 0.1111111111111111
0 0.62265625 0.3958333333333333 0.0421875 0.13055555555555556
0 0.66328125 0.3972222222222222 0.0328125 0.10833333333333334
0 0.6890625 0.35694444444444445 0.0328125 0.1111111111111111
0 0.67265625 0.30972222222222223 0.025 0.07222222222222222
2 0.3921875 0.3333333333333333 0.1359375 0.2916666666666667
1 0.4859375 0.21944444444444444 0.040625 0.06388888888888888
0 0.31640625 0.2513888888888889 0.03125 0.08611111111111111
0 0.203125 0.3819444444444444 0.05 0.1361111111111111
0 0.92109375 0.4597222222222222 0.0765625 0.09722222222222222
0 0.8015625 0.32916666666666666 0.0484375 0.06388888888888888
0 0.63359375 0.26944444444444443 0.0203125 0.07222222222222222
0 0.62578125 0.2375 0.0234375 0.06666666666666667
0 0.66875 0.25 0.025 0.06944444444444445
0 0.71796875 0.5361111111111111 0.046875 0.14444444444444443
