3 0.4078125 0.4166666666666667 0.159375 0.45
2 0.640625 0.5666666666666667 0.2109375 0.48055555555555557
0 0.7078125 0.4638888888888889 0.0375 0.10277777777777777
0 0.6828125 0.35833333333333334 0.0359375 0.09722222222222222
0 0.634375 0.26666666666666666 0.021875 0.06388888888888888
0 0.134375 0.5666666666666667 0.04375 0.11388888888888889
0 0.1859375 0.5166666666666667 0.04375 0.12222222222222222
0 0.3140625 0.3972222222222222 0.0375 0.08333333333333333
0 0.31875 0.31666666666666665 0.03125 0.06944444444444445
0 0.0734375 0.3972222222222222 0.0453125 0.07222222222222222
0 0.31875 0.25833333333333336 0.0203125 0.05555555555555555
0 0.65625 0.22777777777777777 0.0140625 0.05555555555555555
0 0.634375 0.20277777777777778 0.0125 0.044444444444444446
0 0.61875 0.19444444444444445 0.0171875 0.05277777777777778
