0 0.17578125 0.48055555555555557 0.053125 0.1388888888888889
0 0.07265625 0.44305555555555554 0.05 0.08888888888888889
0 0.72265625 0.40694444444444444 0.0453125 0.10833333333333334
0 0.7234375 0.3347222222222222 0.0296875 0.06944444444444445
0 0.6625 0.2763888888888889 0.025 0.075
0 0.34921875 0.3111111111111111 0.0265625 0.07777777777777778
0 0.37890625 0.25555555555555554 0.0234375 0.058333333333333334
0 0.51796875 0.24861111111111112 0.0203125 0.06944444444444445
0 0.6484375 0.21666666666666667 0.01875 0.06388888888888888
0 0.16875 0.8291666666666667 0.090625 0.2388888888888889
0 0.3453125 0.23055555555555557 0.015625 0.044444444444444446
0 0.35234375 0.25833333333333336 0.015625 0.041666666666666664
0 0.3921875 0.2375 0.01875 0.06111111111111111
0 0.61640625 0.2 0.021875 0.05555555555555555
0 0.63203125 0.20416666666666666 0.01875 0.06111111111111111
