0 0.92109375 0.3902777777777778 0.0625 0.08055555555555556
0 0.78984375 0.2652777777777778 0.0578125 0.05
0 0.68515625 0.2777777777777778 0.03125 0.09444444444444444
0 0.61875 0.30694444444444446 0.0265625 0.08333333333333333
1 0.43984375 0.29583333333333334 0.0640625 0.10833333333333334
0 0.2984375 0.3333333333333333 0.021875 0.09166666666666666
0 0.3359375 0.3111111111111111 0.0125 0.07222222222222222
0 0.31015625 0.28888888888888886 0.0234375 0.05555555555555555
0 0.34296875 0.2652777777777778 0.0171875 0.09166666666666666
0 0.38515625 0.2763888888888889 0.021875 0.09166666666666666
0 0.36328125 0.2708333333333333 0.0234375 0.07222222222222222
0 0.6078125 0.21388888888888888 0.0171875 0.06944444444444445
0 0.53359375 0.25972222222222224 0.025 0.07222222222222222
