0 0.70078125 0.4152777777777778 0.034375 0.10277777777777777
0 0.92578125 0.5027777777777778 0.0671875 0.08611111111111111
1 0.4453125 0.39166666666666666 0.0859375 0.14722222222222223
3 0.4609375 0.23472222222222222 0.09375 0.21666666666666667
0 0.23671875 0.44027777777777777 0.05 0.14166666666666666
0 0.36015625 0.31666666666666665 0.040625 0.08611111111111111
1 0.40390625 0.23472222222222222 0.040625 0.08333333333333333
0 0.36171875 0.2375 0.0296875 0.06944444444444445
0 0.62890625 0.2652777777777778 0.0203125 0.07222222222222222
0 0.64765625 0.23333333333333334 0.0140625 0.058333333333333334
