1 0.55703125 0.5402777777777777 0.0890625 0.16666666666666666
1 0.6171875 0.8041666666666667 0.175 0.35
1 0.86015625 0.8444444444444444 0.2625 0.26666666666666666
1 0.51328125 0.2263888888888889 0.0609375 0.06111111111111111
1 0.5125 0.3236111111111111 0.0546875 0.09444444444444444
1 0.64453125 0.21805555555555556 0.0453125 0.04722222222222222
1 0.5453125 0.26666666666666666 0.040625 0.05277777777777778
2 0.62421875 0.3138888888888889 0.0921875 0.16944444444444445
3 0.66640625 0.44027777777777777 0.0859375 0.19722222222222222
0 0.18359375 0.3277777777777778 0.028125 0.08611111111111111
0 0.728125 0.35 0.0234375 0.07222222222222222
