0 0.0546875 0.6333333333333333 0.0671875 0.15833333333333333
0 0.20625 0.5472222222222223 0.0484375 0.10277777777777777
0 0.0734375 0.4027777777777778 0.05625 0.08333333333333333
0 0.2078125 0.2833333333333333 0.0390625 0.03611111111111111
0 0.24375 0.41388888888888886 0.0234375 0.10833333333333334
0 0.29375 0.4083333333333333 0.025 0.08888888888888889
0 0.278125 0.3333333333333333 0.028125 0.08333333333333333
0 0.3046875 0.3416666666666667 0.025 0.06388888888888888
0 0.33125 0.28888888888888886 0.01875 0.06944444444444445
0 0.6703125 0.325 0.034375 0.07222222222222222
0 0.7015625 0.3055555555555556 0.0234375 0.06111111111111111
2 0.334375 0.6972222222222222 0.2359375 0.6
0 0.3734375 0.35833333333333334 0.028125 0.08333333333333333
0 0.3984375 0.2833333333333333 0.021875 0.07222222222222222
0 0.36875 0.2777777777777778 0.0203125 0.07777777777777778
0 0.340625 0.24166666666666667 0.01875 0.04722222222222222
0 0.446875 0.2638888888888889 0.0375 0.058333333333333334
