0 0.1640625 0.3416666666666667 0.0234375 0.08055555555555556
1 0.784375 0.7805555555555556 0.175 0.26944444444444443
1 0.6125 0.8361111111111111 0.146875 0.29444444444444445
1 0.559375 0.55 0.0875 0.16111111111111112
1 0.628125 0.43333333333333335 0.071875 0.11666666666666667
1 0.6765625 0.24444444444444444 0.0375 0.04722222222222222
1 0.5875 0.3277777777777778 0.04375 0.06388888888888888
1 0.5234375 0.325 0.05 0.07777777777777778
1 0.55625 0.2722222222222222 0.0375 0.05555555555555555
1 0.5984375 0.2833333333333333 0.040625 0.05
2 0.721875 0.20277777777777778 0.0625 0.06666666666666667
3 0.425 0.2 0.125 0.1
