1 0.62734375 0.4638888888888889 0.1203125 0.25277777777777777
3 0.40859375 0.2625 0.075 0.14722222222222223
0 0.35390625 0.32083333333333336 0.03125 0.08055555555555556
0 0.678125 0.3236111111111111 0.0421875 0.11666666666666667
0 0.66640625 0.2513888888888889 0.034375 0.07222222222222222
0 0.63828125 0.26944444444444443 0.0375 0.09722222222222222
0 0.603125 0.2222222222222222 0.0265625 0.06388888888888888
0 0.553125 0.24722222222222223 0.046875 0.09166666666666666
0 0.75625 0.4666666666666667 0.0640625 0.14444444444444443
0 0.76171875 0.3125 0.05 0.11388888888888889
0 0.90078125 0.2111111111111111 0.0546875 0.08055555555555556
