0 0.3375 0.65 0.053125 0.17222222222222222
0 0.3171875 0.4111111111111111 0.0234375 0.08055555555555556
0 0.3734375 0.3611111111111111 0.01875 0.07777777777777778
0 0.44375 0.38333333333333336 0.028125 0.09444444444444444
0 0.4203125 0.2916666666666667 0.025 0.06944444444444445
0 0.35 0.32222222222222224 0.021875 0.06111111111111111
0 0.3453125 0.2722222222222222 0.021875 0.058333333333333334
0 0.171875 0.7861111111111111 0.08125 0.21666666666666667
1 0.5375 0.24166666666666667 0.0453125 0.07777777777777778
0 0.64375 0.24166666666666667 0.015625 0.04722222222222222
0 0.3875 0.26944444444444443 0.021875 0.06388888888888888
0 0.4609375 0.275 0.015625 0.07222222222222222
