1 0.6125 0.8222222222222222 0.1484375 0.2777777777777778
1 0.55625 0.49444444444444446 0.0828125 0.1527777777777778
1 0.6640625 0.5083333333333333 0.09375 0.14722222222222223
1 0.534375 0.38333333333333336 0.0625 0.08333333333333333
1 0.6125 0.30833333333333335 0.0453125 0.06666666666666667
1 0.6171875 0.3888888888888889 0.0578125 0.09444444444444444
1 0.384375 0.21666666666666667 0.05 0.05
1 0.5546875 0.3277777777777778 0.0546875 0.06944444444444445
2 0.878125 0.875 0.2359375 0.24722222222222223
2 0.6890625 0.22777777777777777 0.15625 0.11666666666666667
