3 0.37109375 0.6291666666666667 0.1875 0.48333333333333334
0 0.253125 0.4166666666666667 0.0375 0.1111111111111111
0 0.2875 0.3472222222222222 0.025 0.06944444444444445
0 0.31171875 0.3861111111111111 0.034375 0.08888888888888889
0 0.33203125 0.3263888888888889 0.021875 0.075
0 0.37265625 0.31666666666666665 0.021875 0.07222222222222222
0 0.74609375 0.36527777777777776 0.0328125 0.08888888888888889
0 0.60859375 0.4652777777777778 0.040625 0.10555555555555556
0 0.15 0.7361111111111112 0.059375 0.17222222222222222
0 0.2125 0.7888888888888889 0.059375 0.2
0 0.1375 0.6222222222222222 0.040625 0.08055555555555556
0 0.28203125 0.5263888888888889 0.04375 0.13333333333333333
1 0.4359375 0.25 0.040625 0.08333333333333333
0 0.36640625 0.25972222222222224 0.015625 0.03611111111111111
