1 0.58671875 0.5611111111111111 0.1015625 0.18611111111111112
1 0.68828125 0.41944444444444445 0.0734375 0.14444444444444443
3 0.5671875 0.34305555555555556 0.0796875 0.18055555555555555
1 0.63515625 0.8847222222222222 0.1453125 0.23055555555555557
1 0.88046875 0.8555555555555555 0.2328125 0.28888888888888886
0 0.65546875 0.2875 0.0234375 0.058333333333333334
0 0.671875 0.32222222222222224 0.0203125 0.05555555555555555
0 0.6875 0.31666666666666665 0.0171875 0.058333333333333334
0 0.7515625 0.3527777777777778 0.0328125 0.07777777777777778
1 0.4296875 0.30833333333333335 0.0515625 0.11944444444444445
0 0.08203125 0.3902777777777778 0.0609375 0.058333333333333334
0 0.20859375 0.27361111111111114 0.0359375 0.03888888888888889
0 0.25703125 0.43194444444444446 0.0328125 0.1361111111111111
0 0.3875 0.2125 0.0203125 0.058333333333333334
