0 0.68359375 0.325 0.03125 0.08611111111111111
0 0.65703125 0.2763888888888889 0.0421875 0.10833333333333334
0 0.63125 0.28888888888888886 0.0328125 0.09166666666666666
0 0.575 0.26944444444444443 0.03125 0.09166666666666666
1 0.41171875 0.3263888888888889 0.0609375 0.1111111111111111
0 0.328125 0.4625 0.046875 0.10555555555555556
0 0.253125 0.5194444444444445 0.040625 0.10277777777777777
0 0.2125 0.6625 0.0609375 0.13055555555555556
0 0.33671875 0.2861111111111111 0.025 0.06111111111111111
0 0.48984375 0.25416666666666665 0.0390625 0.07777777777777778
0 0.603125 0.19722222222222222 0.0265625 0.08055555555555556
0 0.58984375 0.20833333333333334 0.0265625 0.075
