1 0.428125 0.3277777777777778 0.0609375 0.13055555555555556
0 0.2546875 0.36666666666666664 0.0171875 0.075
0 0.3453125 0.3416666666666667 0.03125 0.08611111111111111
0 0.1125 0.5555555555555556 0.046875 0.11666666666666667
0 0.084375 0.7583333333333333 0.078125 0.18333333333333332
0 0.084375 0.40555555555555556 0.0484375 0.08611111111111111
0 0.196875 0.2777777777777778 0.0515625 0.05277777777777778
1 0.6265625 0.7916666666666666 0.140625 0.2777777777777778
0 0.85625 0.5333333333333333 0.065625 0.16111111111111112
1 0.7140625 0.475 0.1171875 0.19722222222222222
1 0.58125 0.5166666666666667 0.0890625 0.1638888888888889
3 0.571875 0.36666666666666664 0.0765625 0.16111111111111112
1 0.6609375 0.35 0.0609375 0.09444444444444444
0 0.74375 0.3527777777777778 0.01875 0.08333333333333333
0 0.65625 0.2722222222222222 0.025 0.05555555555555555
0 0.6890625 0.3 0.028125 0.07777777777777778
