0 0.078125 0.39444444444444443 0.059375 0.075
0 0.75625 0.5277777777777778 0.053125 0.12222222222222222
0 0.871875 0.6055555555555555 0.0546875 0.11944444444444445
0 0.7546875 0.37777777777777777 0.0359375 0.08611111111111111
0 0.71875 0.35555555555555557 0.025 0.06944444444444445
0 0.6890625 0.31666666666666665 0.028125 0.04722222222222222
3 0.5828125 0.34444444444444444 0.121875 0.26666666666666666
1 0.678125 0.4111111111111111 0.059375 0.1361111111111111
0 0.41875 0.30277777777777776 0.025 0.075
0 0.484375 0.21666666666666667 0.0171875 0.058333333333333334
0 0.4296875 0.20833333333333334 0.0203125 0.05
0 0.659375 0.3 0.025 0.07222222222222222
