0 0.24140625 0.4597222222222222 0.0609375 0.1361111111111111
0 0.084375 0.35138888888888886 0.0671875 0.08611111111111111
0 0.21875 0.24444444444444444 0.0375 0.05277777777777778
0 0.328125 0.4041666666666667 0.0484375 0.11666666666666667
1 0.41484375 0.4 0.0734375 0.1388888888888889
0 0.328125 0.3277777777777778 0.0203125 0.08888888888888889
0 0.3578125 0.2569444444444444 0.0171875 0.06944444444444445
0 0.31796875 0.2708333333333333 0.021875 0.075
0 0.4015625 0.2902777777777778 0.0296875 0.07777777777777778
0 0.89921875 0.8555555555555555 0.0890625 0.20277777777777778
0 0.909375 0.6763888888888889 0.0515625 0.14722222222222223
