0 0.36484375 0.6 0.0578125 0.15555555555555556
0 0.92421875 0.575 0.1078125 0.22777777777777777
0 0.75078125 0.3763888888888889 0.06875 0.17222222222222222
0 0.67890625 0.31527777777777777 0.05625 0.1361111111111111
0 0.6296875 0.30277777777777776 0.0359375 0.08333333333333333
0 0.6421875 0.2611111111111111 0.0453125 0.10833333333333334
0 0.57421875 0.2111111111111111 0.0296875 0.075
1 0.54140625 0.2833333333333333 0.0734375 0.13333333333333333
0 0.13984375 0.75 0.096875 0.21388888888888888
0 0.21953125 0.5888888888888889 0.0546875 0.14166666666666666
0 0.23515625 0.475 0.0453125 0.09166666666666666
2 0.38828125 0.31527777777777777 0.1234375 0.2388888888888889
0 0.2859375 0.3541666666666667 0.04375 0.10277777777777777
0 0.746875 0.26805555555555555 0.0546875 0.10833333333333334
0 0.89921875 0.24722222222222223 0.0734375 0.10277777777777777
0 0.75703125 0.18055555555555555 0.0515625 0.06666666666666667
0 0.665625 0.23055555555555557 0.0296875 0.08055555555555556
