1 0.553125 0.35833333333333334 0.06875 0.15833333333333333
1 0.6765625 0.37777777777777777 0.0765625 0.15
0 0.296875 0.4166666666666667 0.05 0.09166666666666666
0 0.3890625 0.3861111111111111 0.0296875 0.10555555555555556
0 0.4359375 0.37222222222222223 0.03125 0.1111111111111111
0 0.08125 0.40555555555555556 0.0640625 0.09444444444444444
0 0.6421875 0.2638888888888889 0.0234375 0.06666666666666667
0 0.36875 0.28888888888888886 0.025 0.08611111111111111
0 0.396875 0.25833333333333336 0.021875 0.07222222222222222
0 0.1375 0.35 0.053125 0.06111111111111111
0 0.671875 0.25555555555555554 0.0203125 0.058333333333333334
