0 0.075 0.4 0.0640625 0.06944444444444445
0 0.209375 0.2861111111111111 0.05 0.07222222222222222
0 0.30625 0.4 0.0359375 0.125
0 0.384375 0.3416666666666667 0.03125 0.08888888888888889
0 0.6828125 0.4777777777777778 0.05625 0.13333333333333333
0 0.6859375 0.31666666666666665 0.021875 0.08888888888888889
0 0.70625 0.30277777777777776 0.0203125 0.09166666666666666
1 0.603125 0.6638888888888889 0.1375 0.23055555555555557
1 0.571875 0.4361111111111111 0.0796875 0.14722222222222223
1 0.634375 0.3138888888888889 0.0703125 0.11666666666666667
3 0.55625 0.3 0.078125 0.17777777777777778
0 0.2265625 0.45 0.034375 0.125
