1 0.5828125 0.41388888888888886 0.0734375 0.11666666666666667
1 0.39375 0.49444444444444446 0.096875 0.20277777777777778
0 0.109375 0.6944444444444444 0.0734375 0.18333333333333332
0 0.2875 0.46944444444444444 0.05 0.09722222222222222
0 0.3375 0.38333333333333336 0.0421875 0.075
0 0.2859375 0.3472222222222222 0.025 0.08333333333333333
0 0.2375 0.36944444444444446 0.028125 0.07777777777777778
0 0.0765625 0.4 0.053125 0.07777777777777778
0 0.3046875 0.3055555555555556 0.021875 0.05277777777777778
0 0.3515625 0.28888888888888886 0.015625 0.04722222222222222
1 0.4125 0.325 0.0515625 0.08611111111111111
1 0.45625 0.24444444444444444 0.040625 0.06944444444444445
0 0.225 0.43333333333333335 0.021875 0.08888888888888889
0 0.325 0.30833333333333335 0.0171875 0.06666666666666667
0 0.3640625 0.24166666666666667 0.015625 0.05277777777777778
0 0.384375 0.21944444444444444 0.0109375 0.05
0 0.334375 0.25277777777777777 0.0203125 0.058333333333333334
