0 0.790625 0.44722222222222224 0.0328125 0.08888888888888889
0 0.1609375 0.2833333333333333 0.0265625 0.07222222222222222
1 0.7375 0.6722222222222223 0.1296875 0.19444444444444445
1 0.628125 0.2722222222222222 0.0390625 0.05
1 0.60625 0.3 0.0375 0.06111111111111111
1 0.659375 0.26666666666666666 0.0390625 0.04722222222222222
1 0.6828125 0.24444444444444444 0.0359375 0.05
2 0.64375 0.4222222222222222 0.1078125 0.19722222222222222
2 0.721875 0.2222222222222222 0.059375 0.06944444444444445
3 0.5265625 0.2833333333333333 0.0703125 0.19166666666666668
