0 0.790625 0.43333333333333335 0.0390625 0.08611111111111111
1 0.203125 0.5055555555555555 0.0921875 0.17222222222222222
1 0.621875 0.2722222222222222 0.04375 0.058333333333333334
1 0.6203125 0.2388888888888889 0.0421875 0.044444444444444446
1 0.6109375 0.32222222222222224 0.040625 0.07222222222222222
1 0.653125 0.24722222222222223 0.0328125 0.041666666666666664
2 0.803125 0.7277777777777777 0.3921875 0.5416666666666666
2 0.571875 0.4888888888888889 0.14375 0.375
3 0.53125 0.24166666666666667 0.0546875 0.06944444444444445
3 0.565625 0.24444444444444444 0.046875 0.06944444444444445
