1 0.38828125 0.6611111111111111 0.1453125 0.275
1 0.2796875 0.44305555555555554 0.09375 0.16666666666666666
3 0.44375 0.3402777777777778 0.0765625 0.19722222222222222
0 0.35703125 0.25416666666666665 0.0296875 0.09166666666666666
0 0.3265625 0.2916666666666667 0.034375 0.11388888888888889
0 0.26015625 0.33194444444444443 0.0359375 0.11666666666666667
0 0.6453125 0.3277777777777778 0.0296875 0.08611111111111111
1 0.5796875 0.24722222222222223 0.0453125 0.08055555555555556
0 0.925 0.4652777777777778 0.0578125 0.075
0 0.8015625 0.3347222222222222 0.05625 0.06944444444444445
0 0.2328125 0.3861111111111111 0.034375 0.1
