0 0.7875 0.4236111111111111 0.0484375 0.11944444444444445
0 0.67578125 0.2902777777777778 0.0421875 0.08055555555555556
0 0.62734375 0.29583333333333334 0.040625 0.1111111111111111
1 0.55 0.3347222222222222 0.071875 0.125
0 0.4609375 0.2638888888888889 0.034375 0.08333333333333333
0 0.4171875 0.7513888888888889 0.0875 0.24166666666666667
0 0.83515625 0.7416666666666667 0.09375 0.275
0 0.90546875 0.2652777777777778 0.06875 0.09166666666666666
0 0.6203125 0.36944444444444446 0.003125 0.002777777777777778
0 0.5796875 0.1986111111111111 0.0203125 0.06111111111111111
0 0.5671875 0.24722222222222223 0.0265625 0.07222222222222222
0 0.54140625 0.24166666666666667 0.028125 0.08055555555555556
0 0.60859375 0.2375 0.028125 0.06944444444444445
0 0.45 0.33194444444444443 0.028125 0.075
