0 0.409375 0.32222222222222224 0.025 0.06944444444444445
0 0.3140625 0.4666666666666667 0.028125 0.10277777777777777
0 0.690625 0.3111111111111111 0.0171875 0.06111111111111111
1 0.7765625 0.7666666666666667 0.184375 0.2833333333333333
1 0.61875 0.6833333333333333 0.128125 0.25277777777777777
1 0.6484375 0.44722222222222224 0.078125 0.12777777777777777
1 0.5265625 0.4166666666666667 0.071875 0.13055555555555556
1 0.60625 0.3611111111111111 0.0515625 0.08611111111111111
1 0.534375 0.3333333333333333 0.05 0.075
2 0.6875 0.21666666666666667 0.084375 0.10555555555555556
2 0.5734375 0.2388888888888889 0.084375 0.09166666666666666
3 0.609375 0.2861111111111111 0.0515625 0.08611111111111111
