2 0.5765625 0.38333333333333336 0.1125 0.25
0 0.8625 0.7972222222222223 0.078125 0.19166666666666668
0 0.2640625 0.7694444444444445 0.0515625 0.18333333333333332
0 0.153125 0.8305555555555556 0.06875 0.16944444444444445
0 0.0765625 0.4027777777777778 0.05 0.08611111111111111
0 0.20625 0.5055555555555555 0.0453125 0.1
0 0.3359375 0.46944444444444444 0.034375 0.13055555555555556
0 0.40625 0.4305555555555556 0.034375 0.12777777777777777
0 0.2859375 0.42777777777777776 0.0359375 0.11388888888888889
0 0.2703125 0.38333333333333336 0.034375 0.10833333333333334
0 0.2078125 0.42777777777777776 0.0375 0.11666666666666667
0 0.33125 0.36666666666666664 0.01875 0.09444444444444444
0 0.303125 0.3138888888888889 0.0296875 0.075
1 0.45 0.2611111111111111 0.0453125 0.075
1 0.6140625 0.25 0.05625 0.08055555555555556
1 0.5234375 0.23055555555555557 0.05 0.075
0 0.4 0.23055555555555557 0.0140625 0.058333333333333334
0 0.3734375 0.2222222222222222 0.0296875 0.08055555555555556
0 0.2 0.6361111111111111 0.0515625 0.18055555555555555
0 0.146875 0.6222222222222222 0.0484375 0.18888888888888888
0 0.35 0.275 0.0171875 0.06944444444444445
0 0.334375 0.2916666666666667 0.0140625 0.06388888888888888
0 0.321875 0.25833333333333336 0.0171875 0.06666666666666667
0 0.35 0.21944444444444444 0.015625 0.06111111111111111
0 0.553125 0.225 0.0125 0.05277777777777778
0 0.665625 0.2361111111111111 0.01875 0.06111111111111111
