0 0.12578125 0.5319444444444444 0.0375 0.10555555555555556
0 0.17265625 0.5236111111111111 0.0328125 0.1111111111111111
0 0.209375 0.5763888888888888 0.05625 0.1638888888888889
0 0.20625 0.4263888888888889 0.0375 0.10555555555555556
0 0.25078125 0.45694444444444443 0.0359375 0.11388888888888889
0 0.31015625 0.3597222222222222 0.034375 0.10555555555555556
0 0.08203125 0.37083333333333335 0.0640625 0.06944444444444445
0 0.36328125 0.28055555555555556 0.021875 0.06666666666666667
3 0.4234375 0.4375 0.103125 0.24166666666666667
0 0.7078125 0.40694444444444444 0.0390625 0.09722222222222222
0 0.7578125 0.42916666666666664 0.0453125 0.125
2 0.43515625 0.2791666666666667 0.078125 0.15
