1 0.80390625 0.6013888888888889 0.115625 0.21666666666666667
1 0.37578125 0.37222222222222223 0.0875 0.14444444444444443
1 0.49140625 0.35694444444444445 0.059375 0.10277777777777777
1 0.38515625 0.21388888888888888 0.04375 0.06666666666666667
1 0.33359375 0.16666666666666666 0.0390625 0.05555555555555555
2 0.15859375 0.6125 0.3171875 0.5972222222222222
2 0.4140625 0.28194444444444444 0.0640625 0.11388888888888889
3 0.5 0.2513888888888889 0.0734375 0.13333333333333333
3 0.4828125 0.18472222222222223 0.0984375 0.11388888888888889
1 0.7390625 0.4125 0.059375 0.09722222222222222
