3 0.425 0.18333333333333332 0.0703125 0.09444444444444444
1 0.45390625 0.4388888888888889 0.09375 0.1638888888888889
1 0.34765625 0.7152777777777778 0.2 0.3416666666666667
1 0.48984375 0.32083333333333336 0.05625 0.09722222222222222
1 0.41484375 0.3013888888888889 0.0625 0.10555555555555556
1 0.396875 0.2111111111111111 0.0640625 0.08888888888888889
0 0.81875 0.4875 0.028125 0.08333333333333333
2 0.24296875 0.475 0.2765625 0.475
0 0.18125 0.3277777777777778 0.0484375 0.10555555555555556
0 0.3296875 0.2361111111111111 0.0234375 0.058333333333333334
