0 0.31796875 0.3125 0.0359375 0.1
0 0.45078125 0.3013888888888889 0.0296875 0.08888888888888889
1 0.39609375 0.25 0.059375 0.09444444444444444
0 0.7109375 0.5013888888888889 0.0453125 0.12777777777777777
0 0.6671875 0.40555555555555556 0.0375 0.11388888888888889
0 0.71796875 0.35694444444444445 0.028125 0.08888888888888889
0 0.86796875 0.9041666666666667 0.0921875 0.19166666666666668
0 0.92421875 0.49444444444444446 0.0875 0.1
0 0.68046875 0.2986111111111111 0.034375 0.075
0 0.42109375 0.18888888888888888 0.0234375 0.06388888888888888
0 0.19453125 0.36666666666666664 0.0375 0.10833333333333334
