1 0.2546875 0.5736111111111111 0.1671875 0.2722222222222222
1 0.4765625 0.4111111111111111 0.084375 0.15
1 0.51640625 0.22777777777777777 0.0609375 0.07222222222222222
1 0.43125 0.2777777777777778 0.04375 0.06944444444444445
1 0.42109375 0.24305555555555555 0.0515625 0.07777777777777778
1 0.42578125 0.31527777777777777 0.053125 0.08611111111111111
1 0.36875 0.20416666666666666 0.05 0.07222222222222222
1 0.43671875 0.20833333333333334 0.05625 0.07222222222222222
2 0.36328125 0.38055555555555554 0.1171875 0.20277777777777778
1 0.5 0.32916666666666666 0.0515625 0.08333333333333333
1 0.496875 0.2763888888888889 0.05 0.06388888888888888
1 0.7546875 0.3902777777777778 0.059375 0.09444444444444444
