1 0.42265625 0.4222222222222222 0.10625 0.20833333333333334
1 0.25703125 0.8041666666666667 0.196875 0.28888888888888886
0 0.18828125 0.3972222222222222 0.059375 0.10833333333333334
0 0.28203125 0.425 0.0484375 0.11944444444444445
0 0.30859375 0.3125 0.0390625 0.10833333333333334
0 0.27265625 0.2777777777777778 0.0421875 0.08888888888888889
0 0.346875 0.33055555555555555 0.034375 0.10277777777777777
0 0.3375 0.26805555555555555 0.03125 0.08611111111111111
0 0.3796875 0.2916666666666667 0.028125 0.08055555555555556
0 0.40546875 0.28888888888888886 0.03125 0.08055555555555556
0 0.1046875 0.25555555555555554 0.071875 0.09722222222222222
0 0.07578125 0.625 0.0890625 0.18611111111111112
0 0.17109375 0.5222222222222223 0.0671875 0.17222222222222222
0 0.240625 0.575 0.0640625 0.15833333333333333
1 0.4796875 0.25 0.0515625 0.10277777777777777
0 0.81328125 0.65 0.0453125 0.11666666666666667
0 0.365625 0.24166666666666667 0.0265625 0.075
0 0.39921875 0.22777777777777777 0.0234375 0.06388888888888888
0 0.4265625 0.24027777777777778 0.0234375 0.06111111111111111
0 0.4515625 0.21666666666666667 0.015625 0.044444444444444446
1 0.55703125 0.24166666666666667 0.04375 0.07222222222222222
