0 0.3140625 0.4111111111111111 0.040625 0.14166666666666666
0 0.07890625 0.4527777777777778 0.05625 0.08055555555555556
0 0.21171875 0.31805555555555554 0.05625 0.06388888888888888
3 0.5703125 0.3486111111111111 0.1 0.18333333333333332
1 0.81015625 0.6263888888888889 0.15625 0.23333333333333334
1 0.6578125 0.9194444444444444 0.2 0.14166666666666666
0 0.740625 0.33055555555555555 0.034375 0.12777777777777777
0 0.68203125 0.3 0.0296875 0.07777777777777778
0 0.6484375 0.26944444444444443 0.028125 0.09444444444444444
0 0.446875 0.24027777777777778 0.01875 0.06944444444444445
