0 0.3359375 0.37222222222222223 0.021875 0.08611111111111111
0 0.3890625 0.37222222222222223 0.021875 0.09444444444444444
0 0.2984375 0.37222222222222223 0.0390625 0.08055555555555556
0 0.271875 0.3388888888888889 0.0359375 0.09166666666666666
0 0.7140625 0.4 0.0328125 0.09166666666666666
0 0.6296875 0.36944444444444446 0.015625 0.07777777777777778
0 0.746875 0.3388888888888889 0.0296875 0.10555555555555556
0 0.69375 0.3111111111111111 0.0234375 0.06111111111111111
1 0.5578125 0.36666666666666664 0.0671875 0.1111111111111111
0 0.0765625 0.41388888888888886 0.0578125 0.06111111111111111
0 0.20625 0.29444444444444445 0.0515625 0.044444444444444446
0 0.3375 0.2972222222222222 0.034375 0.05555555555555555
0 0.3703125 0.3055555555555556 0.01875 0.08333333333333333
0 0.34375 0.2638888888888889 0.03125 0.07777777777777778
0 0.3984375 0.2222222222222222 0.01875 0.05277777777777778
0 0.215625 0.4166666666666667 0.0265625 0.11666666666666667
0 0.121875 0.5638888888888889 0.0328125 0.1388888888888889
0 0.05 0.7 0.0546875 0.15833333333333333
0 0.378125 0.19166666666666668 0.0171875 0.06111111111111111
1 0.525 0.24166666666666667 0.0390625 0.06944444444444445
0 0.6625 0.2611111111111111 0.0296875 0.07777777777777778
0 0.6390625 0.25833333333333336 0.021875 0.06666666666666667
