0 0.29609375 0.5569444444444445 0.0625 0.17222222222222222
0 0.37421875 0.4722222222222222 0.0578125 0.14444444444444443
0 0.56171875 0.39861111111111114 0.03125 0.11388888888888889
0 0.753125 0.49444444444444446 0.0484375 0.11388888888888889
0 0.5265625 0.275 0.034375 0.09444444444444444
0 0.3125 0.3958333333333333 0.0515625 0.09722222222222222
0 0.23359375 0.49722222222222223 0.0578125 0.1527777777777778
0 0.30625 0.45555555555555555 0.0390625 0.1
0 0.4171875 0.2111111111111111 0.0203125 0.07222222222222222
0 0.37890625 0.22777777777777777 0.021875 0.07222222222222222
