0 0.103125 0.5416666666666666 0.0609375 0.11388888888888889
0 0.5953125 0.36666666666666664 0.028125 0.09444444444444444
0 0.7359375 0.39166666666666666 0.0296875 0.10555555555555556
0 0.825 0.475 0.0578125 0.15
0 0.6046875 0.2611111111111111 0.01875 0.06111111111111111
0 0.65625 0.3 0.0203125 0.07222222222222222
0 0.078125 0.40555555555555556 0.06875 0.09166666666666666
0 0.396875 0.2916666666666667 0.0234375 0.06944444444444445
0 0.6578125 0.23055555555555557 0.0171875 0.05
0 0.634375 0.22777777777777777 0.0125 0.05
