2 0.16328125 0.5777777777777777 0.2703125 0.4861111111111111
1 0.40859375 0.2388888888888889 0.046875 0.075
0 0.33203125 0.25555555555555554 0.0234375 0.08055555555555556
0 0.71640625 0.41805555555555557 0.0390625 0.08055555555555556
0 0.753125 0.35 0.0390625 0.08055555555555556
0 0.89375 0.36527777777777776 0.046875 0.10833333333333334
0 0.87421875 0.7055555555555556 0.0484375 0.14722222222222223
0 0.78359375 0.5555555555555556 0.05625 0.14722222222222223
0 0.66171875 0.4166666666666667 0.0390625 0.09444444444444444
0 0.6890625 0.35 0.0359375 0.09444444444444444
2 0.6078125 0.37777777777777777 0.084375 0.2
2 0.71796875 0.7291666666666666 0.3484375 0.5416666666666666
0 0.66796875 0.275 0.0265625 0.08333333333333333
0 0.45859375 0.39305555555555555 0.0390625 0.13055555555555556
0 0.64609375 0.28194444444444444 0.0171875 0.06666666666666667
0 0.6359375 0.1875 0.0125 0.04722222222222222
0 0.63359375 0.24305555555555555 0.015625 0.06388888888888888
