0 0.85078125 0.6555555555555556 0.059375 0.1361111111111111
1 0.5640625 0.7111111111111111 0.1453125 0.2611111111111111
1 0.5359375 0.3625 0.071875 0.11944444444444445
1 0.421875 0.175 0.059375 0.07222222222222222
1 0.6265625 0.3375 0.046875 0.06944444444444445
1 0.6078125 0.39861111111111114 0.05625 0.10833333333333334
1 0.64609375 0.5069444444444444 0.0734375 0.12222222222222222
2 0.69140625 0.6486111111111111 0.1890625 0.3277777777777778
2 0.73984375 0.30972222222222223 0.0421875 0.06666666666666667
3 0.61328125 0.24722222222222223 0.0953125 0.11944444444444445
