0 0.1984375 0.7069444444444445 0.0890625 0.19444444444444445
1 0.65 0.7972222222222223 0.215625 0.375
1 0.75234375 0.4666666666666667 0.1546875 0.21666666666666667
0 0.8671875 0.475 0.0734375 0.18333333333333332
3 0.5484375 0.33194444444444443 0.0796875 0.18055555555555555
0 0.67578125 0.25277777777777777 0.05625 0.11666666666666667
0 0.72734375 0.2652777777777778 0.0421875 0.10833333333333334
0 0.6296875 0.2388888888888889 0.025 0.06111111111111111
1 0.50859375 0.3 0.0421875 0.08888888888888889
0 0.071875 0.5333333333333333 0.071875 0.07777777777777778
0 0.19609375 0.38055555555555554 0.046875 0.05555555555555555
0 0.3984375 0.29444444444444445 0.0484375 0.08611111111111111
