0 0.2890625 0.3472222222222222 0.0375 0.1111111111111111
0 0.34140625 0.25277777777777777 0.03125 0.07222222222222222
0 0.58046875 0.5388888888888889 0.0453125 0.12777777777777777
0 0.58125 0.4388888888888889 0.03125 0.08888888888888889
0 0.77734375 0.4736111111111111 0.04375 0.11944444444444445
0 0.73046875 0.4861111111111111 0.0390625 0.09722222222222222
0 0.82578125 0.7097222222222223 0.0765625 0.2111111111111111
0 0.87890625 0.6888888888888889 0.0703125 0.1638888888888889
1 0.6703125 0.5083333333333333 0.1109375 0.2111111111111111
1 0.59609375 0.34444444444444444 0.0640625 0.13055555555555556
0 0.6953125 0.4027777777777778 0.0265625 0.06666666666666667
0 0.66796875 0.3875 0.021875 0.058333333333333334
0 0.92890625 0.5194444444444445 0.0609375 0.08888888888888889
0 0.66484375 0.32083333333333336 0.01875 0.04722222222222222
0 0.4109375 0.2222222222222222 0.01875 0.06111111111111111
0 0.76484375 0.9194444444444444 0.1171875 0.16111111111111112
0 0.7390625 0.40694444444444444 0.034375 0.07777777777777778
1 0.56953125 0.2361111111111111 0.046875 0.09444444444444444
0 0.70703125 0.3388888888888889 0.0265625 0.06944444444444445
