0 0.11171875 0.5083333333333333 0.059375 0.17777777777777778
0 0.21171875 0.4527777777777778 0.05 0.10555555555555556
0 0.37265625 0.2611111111111111 0.034375 0.07222222222222222
0 0.228125 0.2152777777777778 0.04375 0.06388888888888888
0 0.0875 0.2791666666666667 0.0609375 0.10277777777777777
1 0.56875 0.3111111111111111 0.059375 0.12222222222222222
0 0.7703125 0.4861111111111111 0.0546875 0.1111111111111111
0 0.70546875 0.3611111111111111 0.0296875 0.07222222222222222
0 0.65390625 0.3375 0.03125 0.08333333333333333
0 0.62734375 0.3111111111111111 0.021875 0.06666666666666667
0 0.6109375 0.3 0.021875 0.06388888888888888
0 0.68984375 0.3402777777777778 0.025 0.07777777777777778
0 0.46171875 0.25277777777777777 0.0609375 0.1
0 0.67578125 0.33611111111111114 0.0265625 0.07222222222222222
