1 0.61875 0.5 0.09375 0.16666666666666666
0 0.73125 0.3638888888888889 0.0296875 0.08611111111111111
1 0.75 0.8888888888888888 0.175 0.2222222222222222
1 0.403125 0.5777777777777777 0.1140625 0.22777777777777777
0 0.0828125 0.39444444444444443 0.06875 0.075
0 0.20625 0.28888888888888886 0.0515625 0.03888888888888889
1 0.4390625 0.3 0.0484375 0.09444444444444444
1 0.38125 0.26944444444444443 0.05 0.08055555555555556
0 0.515625 0.26944444444444443 0.0390625 0.06388888888888888
0 0.815625 0.38333333333333336 0.0609375 0.11388888888888889
0 0.1421875 0.6222222222222222 0.0484375 0.17222222222222222
0 0.3328125 0.25277777777777777 0.01875 0.075
0 0.659375 0.24722222222222223 0.01875 0.06666666666666667
