0 0.0640625 0.6694444444444444 0.0734375 0.17777777777777778
0 0.084375 0.4 0.0484375 0.06388888888888888
0 0.2125 0.275 0.053125 0.05
0 0.1828125 0.5388888888888889 0.05625 0.14722222222222223
0 0.2453125 0.5361111111111111 0.025 0.13055555555555556
0 0.290625 0.5555555555555556 0.0421875 0.10833333333333334
0 0.325 0.3333333333333333 0.0328125 0.09444444444444444
0 0.203125 0.43333333333333335 0.0421875 0.09722222222222222
0 0.3546875 0.3333333333333333 0.0265625 0.09166666666666666
0 0.409375 0.3277777777777778 0.034375 0.08611111111111111
0 0.2765625 0.34444444444444444 0.040625 0.1
0 0.7359375 0.6638888888888889 0.0734375 0.16666666666666666
0 0.3484375 0.25555555555555554 0.0171875 0.06388888888888888
0 0.3984375 0.24166666666666667 0.0171875 0.058333333333333334
0 0.375 0.225 0.0203125 0.06944444444444445
0 0.615625 0.24444444444444444 0.0171875 0.058333333333333334
