0 0.121875 0.5083333333333333 0.059375 0.14444444444444443
0 0.271875 0.5 0.0484375 0.16111111111111112
0 0.8203125 0.46111111111111114 0.0453125 0.10277777777777777
0 0.690625 0.2916666666666667 0.0375 0.09166666666666666
0 0.3125 0.3111111111111111 0.028125 0.08333333333333333
0 0.3390625 0.3861111111111111 0.0421875 0.12222222222222222
0 0.353125 0.2777777777777778 0.025 0.07777777777777778
0 0.3828125 0.29444444444444445 0.028125 0.08888888888888889
0 0.4109375 0.3 0.01875 0.08333333333333333
0 0.35625 0.20833333333333334 0.025 0.06666666666666667
0 0.39375 0.21666666666666667 0.0265625 0.06111111111111111
2 0.6359375 0.40555555555555556 0.1484375 0.3
1 0.528125 0.2388888888888889 0.04375 0.075
0 0.571875 0.2388888888888889 0.0265625 0.06388888888888888
0 0.0796875 0.39166666666666666 0.0625 0.07222222222222222
0 0.2078125 0.28055555555555556 0.0546875 0.05555555555555555
0 0.253125 0.4222222222222222 0.03125 0.10277777777777777
