0 0.6671875 0.34305555555555556 0.03125 0.08888888888888889
0 0.6171875 0.30833333333333335 0.028125 0.08611111111111111
1 0.70625 0.5125 0.1421875 0.2388888888888889
2 0.5421875 0.2375 0.078125 0.16666666666666666
0 0.3 0.36527777777777776 0.0359375 0.09722222222222222
0 0.3765625 0.31805555555555554 0.03125 0.09722222222222222
1 0.43671875 0.2972222222222222 0.0546875 0.1
0 0.071875 0.5083333333333333 0.065625 0.075
0 0.1328125 0.7041666666666667 0.075 0.16944444444444445
0 0.553125 0.3972222222222222 0.0375 0.10555555555555556
