0 0.59375 0.6111111111111112 0.05625 0.1638888888888889
0 0.7 0.425 0.0359375 0.10555555555555556
0 0.7265625 0.37222222222222223 0.028125 0.06666666666666667
0 0.71875 0.31666666666666665 0.0296875 0.07222222222222222
0 0.696875 0.3111111111111111 0.01875 0.058333333333333334
0 0.6765625 0.2972222222222222 0.0203125 0.05277777777777778
0 0.634375 0.2777777777777778 0.0203125 0.058333333333333334
0 0.6125 0.2722222222222222 0.025 0.04722222222222222
0 0.659375 0.2916666666666667 0.0265625 0.058333333333333334
1 0.559375 0.2916666666666667 0.0625 0.1
0 0.2515625 0.45555555555555555 0.0421875 0.12222222222222222
0 0.325 0.3055555555555556 0.0421875 0.075
0 0.0796875 0.40555555555555556 0.0546875 0.08055555555555556
0 0.2078125 0.2861111111111111 0.0421875 0.041666666666666664
0 0.5890625 0.2722222222222222 0.0140625 0.05555555555555555
0 0.378125 0.18888888888888888 0.0140625 0.05277777777777778
