2 0.60390625 0.6777777777777778 0.2796875 0.5833333333333334
0 0.23984375 0.7138888888888889 0.0875 0.19444444444444445
0 0.196875 0.45694444444444443 0.06875 0.15555555555555556
0 0.28515625 0.3875 0.0765625 0.15
0 0.37578125 0.3194444444444444 0.046875 0.11944444444444445
0 0.4171875 0.32222222222222224 0.0359375 0.08888888888888889
0 0.45 0.2833333333333333 0.0296875 0.06944444444444445
0 0.3578125 0.25416666666666665 0.04375 0.11388888888888889
0 0.32890625 0.2263888888888889 0.0453125 0.09722222222222222
0 0.1046875 0.22777777777777777 0.071875 0.08611111111111111
1 0.64375 0.39166666666666666 0.0671875 0.11944444444444445
1 0.56796875 0.3388888888888889 0.065625 0.1111111111111111
1 0.565625 0.25972222222222224 0.05625 0.07777777777777778
0 0.67265625 0.3125 0.03125 0.08611111111111111
0 0.6984375 0.31527777777777777 0.0328125 0.08888888888888889
0 0.63828125 0.26944444444444443 0.0328125 0.06666666666666667
0 0.62265625 0.29305555555555557 0.03125 0.07222222222222222
0 0.39609375 0.21666666666666667 0.0265625 0.07777777777777778
0 0.4296875 0.19722222222222222 0.0265625 0.06388888888888888
0 0.421875 0.14722222222222223 0.0234375 0.06111111111111111
0 0.40859375 0.25833333333333336 0.025 0.07222222222222222
0 0.484375 0.22361111111111112 0.028125 0.06666666666666667
0 0.26484375 0.3388888888888889 0.034375 0.1
0 0.60078125 0.29583333333333334 0.021875 0.06666666666666667
