1 0.4265625 0.2875 0.04375 0.07777777777777778
1 0.253125 0.8638888888888889 0.1890625 0.24166666666666667
0 0.41015625 0.475 0.0421875 0.12222222222222222
0 0.36796875 0.4097222222222222 0.0265625 0.08611111111111111
0 0.22109375 0.5069444444444444 0.05 0.13333333333333333
0 0.3671875 0.2763888888888889 0.021875 0.075
0 0.675 0.39444444444444443 0.0328125 0.09722222222222222
0 0.73359375 0.3888888888888889 0.0265625 0.09166666666666666
0 0.784375 0.5208333333333334 0.028125 0.10833333333333334
0 0.6625 0.30416666666666664 0.021875 0.06944444444444445
0 0.6546875 0.24166666666666667 0.01875 0.05277777777777778
0 0.6203125 0.23333333333333334 0.01875 0.058333333333333334
0 0.73671875 0.6388888888888888 0.05 0.17222222222222222
0 0.81015625 0.7097222222222223 0.0640625 0.18333333333333332
