0 0.23046875 0.4527777777777778 0.0375 0.11388888888888889
1 0.6203125 0.6402777777777777 0.140625 0.3194444444444444
0 0.88359375 0.8402777777777778 0.08125 0.19722222222222222
0 0.85 0.5 0.0296875 0.11666666666666667
0 0.790625 0.5041666666666667 0.0421875 0.1361111111111111
0 0.74296875 0.5180555555555556 0.040625 0.13333333333333333
0 0.74375 0.4013888888888889 0.034375 0.08055555555555556
0 0.69140625 0.44027777777777777 0.0421875 0.10555555555555556
0 0.6421875 0.40555555555555556 0.0359375 0.10555555555555556
0 0.69921875 0.29305555555555557 0.0234375 0.05
0 0.6953125 0.34305555555555556 0.0234375 0.05277777777777778
0 0.68046875 0.30833333333333335 0.021875 0.06666666666666667
0 0.6546875 0.34305555555555556 0.034375 0.06666666666666667
0 0.6265625 0.3277777777777778 0.021875 0.06388888888888888
0 0.63203125 0.2972222222222222 0.025 0.06944444444444445
0 0.59140625 0.28888888888888886 0.0203125 0.06944444444444445
1 0.54765625 0.31666666666666665 0.0671875 0.09722222222222222
0 0.91953125 0.3736111111111111 0.05625 0.05555555555555555
0 0.6515625 0.24027777777777778 0.015625 0.05555555555555555
0 0.59765625 0.2222222222222222 0.0140625 0.041666666666666664
