0 0.6953125 0.4597222222222222 0.0484375 0.125
0 0.92421875 0.5472222222222223 0.0671875 0.09722222222222222
0 0.78828125 0.8319444444444445 0.0984375 0.19722222222222222
0 0.809375 0.39444444444444443 0.053125 0.075
1 0.415625 0.34305555555555556 0.08125 0.14444444444444443
0 0.18125 0.4777777777777778 0.0765625 0.2
0 0.60859375 0.3055555555555556 0.0296875 0.08611111111111111
0 0.62421875 0.35555555555555557 0.0296875 0.08888888888888889
0 0.6703125 0.36666666666666664 0.034375 0.06666666666666667
0 0.65390625 0.37222222222222223 0.03125 0.08333333333333333
0 0.70078125 0.35138888888888886 0.028125 0.06666666666666667
0 0.66796875 0.3055555555555556 0.0296875 0.08055555555555556
0 0.6421875 0.29444444444444445 0.0265625 0.06944444444444445
0 0.5015625 0.28055555555555556 0.0296875 0.08333333333333333
0 0.73359375 0.4166666666666667 0.03125 0.09166666666666666
