0 0.134375 0.23333333333333334 0.01875 0.05555555555555555
1 0.7109375 0.6333333333333333 0.125 0.19444444444444445
1 0.5984375 0.44722222222222224 0.0703125 0.125
1 0.5796875 0.3277777777777778 0.05 0.08055555555555556
1 0.58125 0.225 0.0390625 0.03888888888888889
1 0.696875 0.24444444444444444 0.0375 0.05277777777777778
2 0.425 0.2111111111111111 0.1296875 0.10555555555555556
2 0.628125 0.2638888888888889 0.046875 0.06944444444444445
2 0.51875 0.2833333333333333 0.0546875 0.11666666666666667
2 0.696875 0.24444444444444444 0.0359375 0.05
3 0.51875 0.2833333333333333 0.0515625 0.10833333333333334
