0 0.359375 0.37222222222222223 0.0328125 0.1
0 0.084375 0.4083333333333333 0.0484375 0.09444444444444444
3 0.596875 0.35833333333333334 0.1140625 0.3111111111111111
1 0.671875 0.4083333333333333 0.0578125 0.10833333333333334
0 0.9109375 0.7138888888888889 0.059375 0.16666666666666666
0 0.809375 0.5333333333333333 0.0453125 0.125
0 0.721875 0.41388888888888886 0.021875 0.08055555555555556
0 0.753125 0.35555555555555557 0.025 0.08333333333333333
0 0.7125 0.3277777777777778 0.025 0.06666666666666667
0 0.690625 0.3277777777777778 0.028125 0.08055555555555556
0 0.6734375 0.2916666666666667 0.0171875 0.05
0 0.46875 0.24722222222222223 0.0296875 0.07222222222222222
0 0.6515625 0.2777777777777778 0.021875 0.06111111111111111
