1 0.6859375 0.7944444444444444 0.178125 0.3277777777777778
2 0.684375 0.38333333333333336 0.16875 0.29444444444444445
2 0.6046875 0.2 0.075 0.11666666666666667
0 0.29375 0.6388888888888888 0.0421875 0.16944444444444445
0 0.24375 0.6361111111111111 0.05 0.1111111111111111
0 0.1234375 0.6555555555555556 0.059375 0.16111111111111112
0 0.2453125 0.5444444444444444 0.0578125 0.10833333333333334
0 0.2859375 0.425 0.028125 0.11388888888888889
0 0.321875 0.4638888888888889 0.0328125 0.1111111111111111
0 0.3375 0.4111111111111111 0.0203125 0.075
0 0.2375 0.4083333333333333 0.0390625 0.08055555555555556
0 0.10625 0.3527777777777778 0.0484375 0.08055555555555556
0 0.078125 0.40555555555555556 0.04375 0.09722222222222222
0 0.303125 0.3472222222222222 0.03125 0.08333333333333333
0 0.33125 0.32222222222222224 0.01875 0.08611111111111111
1 0.446875 0.29444444444444445 0.04375 0.07777777777777778
0 0.38125 0.31666666666666665 0.0203125 0.07777777777777778
0 0.3640625 0.29444444444444445 0.01875 0.07222222222222222
0 0.4015625 0.3 0.021875 0.09166666666666666
0 0.5109375 0.2388888888888889 0.0203125 0.075
