0 0.0109375 0.6027777777777777 0.021875 0.14166666666666666
1 0.5875 0.6416666666666667 0.1 0.19166666666666668
1 0.6265625 0.41944444444444445 0.0671875 0.1111111111111111
1 0.5265625 0.3111111111111111 0.0453125 0.06388888888888888
1 0.53125 0.38333333333333336 0.0578125 0.1
1 0.596875 0.3416666666666667 0.04375 0.06944444444444445
1 0.54375 0.2722222222222222 0.0484375 0.058333333333333334
1 0.60625 0.2916666666666667 0.0375 0.05277777777777778
2 0.728125 0.6027777777777777 0.165625 0.2722222222222222
2 0.784375 0.8888888888888888 0.3125 0.21944444444444444
3 0.6359375 0.2111111111111111 0.115625 0.08055555555555556
