0 0.22890625 0.5416666666666666 0.040625 0.14722222222222223
0 0.0734375 0.45 0.0578125 0.07222222222222222
3 0.575 0.3458333333333333 0.121875 0.29444444444444445
0 0.43671875 0.3236111111111111 0.0265625 0.09722222222222222
0 0.8203125 0.4875 0.040625 0.11944444444444445
0 0.86953125 0.7013888888888888 0.0859375 0.2
1 0.6640625 0.3625 0.065625 0.12222222222222222
0 0.7546875 0.40694444444444444 0.04375 0.09722222222222222
0 0.73046875 0.30972222222222223 0.0296875 0.08611111111111111
0 0.70234375 0.30277777777777776 0.0234375 0.075
0 0.66796875 0.2625 0.025 0.075
0 0.65 0.25 0.025 0.07222222222222222
0 0.68359375 0.2652777777777778 0.0203125 0.08055555555555556
