0 0.7078125 0.44027777777777777 0.0375 0.1
0 0.5859375 0.3458333333333333 0.0328125 0.08888888888888889
1 0.64765625 0.3333333333333333 0.0609375 0.09722222222222222
0 0.303125 0.36666666666666664 0.0578125 0.1361111111111111
0 0.36328125 0.30416666666666664 0.0453125 0.11944444444444445
0 0.32578125 0.22777777777777777 0.0328125 0.09166666666666666
0 0.07265625 0.6541666666666667 0.1125 0.2388888888888889
0 0.10546875 0.225 0.0890625 0.11388888888888889
0 0.371875 0.19722222222222222 0.040625 0.08333333333333333
0 0.63671875 0.25972222222222224 0.025 0.06666666666666667
0 0.8125 0.5694444444444444 0.05 0.11944444444444445
