1 0.33828125 0.4486111111111111 0.0890625 0.1388888888888889
1 0.33125 0.8277777777777777 0.203125 0.34444444444444444
0 0.18828125 0.7666666666666667 0.0703125 0.20277777777777778
0 0.6453125 0.3638888888888889 0.053125 0.15
1 0.553125 0.3458333333333333 0.0703125 0.125
0 0.90859375 0.2708333333333333 0.06875 0.1
0 0.7515625 0.36527777777777776 0.05 0.13055555555555556
1 0.5140625 0.24166666666666667 0.0421875 0.08333333333333333
0 0.44140625 0.3402777777777778 0.025 0.07222222222222222
0 0.38125 0.3277777777777778 0.0234375 0.06944444444444445
0 0.33359375 0.3402777777777778 0.028125 0.07222222222222222
