0 0.07109375 0.4791666666666667 0.0671875 0.08055555555555556
0 0.1984375 0.3416666666666667 0.0546875 0.08055555555555556
0 0.3015625 0.4361111111111111 0.04375 0.13055555555555556
0 0.37578125 0.3638888888888889 0.0359375 0.09444444444444444
0 0.68046875 0.4444444444444444 0.0640625 0.14444444444444443
0 0.67421875 0.2833333333333333 0.0265625 0.09166666666666666
0 0.69375 0.2652777777777778 0.025 0.09444444444444444
1 0.6125 0.6444444444444445 0.15 0.25555555555555554
1 0.56796875 0.4236111111111111 0.0875 0.16111111111111112
1 0.62265625 0.2902777777777778 0.0765625 0.12777777777777777
3 0.54453125 0.2902777777777778 0.0875 0.19166666666666668
0 0.225 0.5013888888888889 0.0421875 0.13055555555555556
