1 0.77421875 0.8847222222222222 0.2765625 0.23055555555555557
1 0.565625 0.7319444444444444 0.159375 0.30833333333333335
1 0.665625 0.5791666666666667 0.128125 0.20833333333333334
1 0.67890625 0.3277777777777778 0.05 0.06944444444444445
1 0.63984375 0.45555555555555555 0.075 0.12777777777777777
1 0.54296875 0.4222222222222222 0.0734375 0.1388888888888889
1 0.62109375 0.38472222222222224 0.053125 0.08611111111111111
1 0.63359375 0.33055555555555555 0.053125 0.07777777777777778
2 0.45703125 0.18611111111111112 0.1515625 0.175
3 0.65234375 0.2875 0.059375 0.09166666666666666
