0 0.45859375 0.2611111111111111 0.040625 0.06388888888888888
0 0.7171875 0.3819444444444444 0.040625 0.10555555555555556
0 0.71328125 0.3055555555555556 0.0296875 0.08333333333333333
0 0.77109375 0.7791666666666667 0.0921875 0.225
0 0.17734375 0.7625 0.071875 0.21944444444444444
0 0.121875 0.6847222222222222 0.05625 0.15555555555555556
0 0.07734375 0.4597222222222222 0.0609375 0.075
0 0.19609375 0.3236111111111111 0.040625 0.05277777777777778
0 0.21171875 0.5416666666666666 0.0421875 0.11666666666666667
0 0.28828125 0.4375 0.04375 0.08055555555555556
0 0.3125 0.5125 0.0453125 0.09166666666666666
2 0.4015625 0.4375 0.115625 0.30277777777777776
0 0.29765625 0.3416666666666667 0.028125 0.08333333333333333
0 0.21875 0.4597222222222222 0.040625 0.11666666666666667
0 0.32109375 0.30416666666666664 0.0203125 0.075
0 0.34140625 0.3402777777777778 0.025 0.08055555555555556
0 0.378125 0.2569444444444444 0.0234375 0.06944444444444445
0 0.35234375 0.23333333333333334 0.0140625 0.05
0 0.34375 0.2569444444444444 0.025 0.06388888888888888
