0 0.73671875 0.5986111111111111 0.0484375 0.13333333333333333
0 0.71484375 0.4125 0.0296875 0.10555555555555556
0 0.68828125 0.2777777777777778 0.025 0.08055555555555556
0 0.91953125 0.8708333333333333 0.065625 0.14444444444444443
0 0.24375 0.4777777777777778 0.0375 0.13055555555555556
0 0.08203125 0.39305555555555555 0.05625 0.07777777777777778
0 0.20859375 0.28194444444444444 0.0421875 0.044444444444444446
1 0.58203125 0.5666666666666667 0.0859375 0.16111111111111112
1 0.559375 0.3486111111111111 0.0625 0.11388888888888889
1 0.61484375 0.2652777777777778 0.0484375 0.08888888888888889
1 0.67421875 0.9027777777777778 0.1703125 0.19444444444444445
3 0.54609375 0.2569444444444444 0.05625 0.11388888888888889
0 0.64140625 0.2375 0.0140625 0.05277777777777778
3 0.54609375 0.2513888888888889 0.053125 0.10833333333333334
0 0.38046875 0.24027777777777778 0.015625 0.05277777777777778
0 0.36171875 0.24583333333333332 0.021875 0.06666666666666667
0 0.43515625 0.26805555555555555 0.01875 0.05
0 0.39921875 0.225 0.015625 0.05277777777777778
0 0.628125 0.3597222222222222 0.028125 0.09444444444444444
