1 0.62109375 0.5444444444444444 0.1015625 0.16944444444444445
2 0.6640625 0.35 0.134375 0.24166666666666667
0 0.365625 0.35138888888888886 0.0359375 0.10277777777777777
0 0.39609375 0.3375 0.028125 0.09722222222222222
1 0.459375 0.32916666666666666 0.06875 0.1361111111111111
0 0.28984375 0.3402777777777778 0.053125 0.13055555555555556
0 0.32578125 0.3 0.0421875 0.10833333333333334
0 0.2234375 0.34444444444444444 0.040625 0.10555555555555556
0 0.240625 0.39861111111111114 0.0640625 0.15555555555555556
0 0.2328125 0.5555555555555556 0.0625 0.17222222222222222
0 0.278125 0.4666666666666667 0.0578125 0.11666666666666667
0 0.15078125 0.38472222222222224 0.0546875 0.12777777777777777
0 0.065625 0.6319444444444444 0.065625 0.16666666666666666
0 0.10625 0.22361111111111112 0.065625 0.09722222222222222
0 0.35546875 0.24166666666666667 0.0359375 0.10833333333333334
0 0.3828125 0.25277777777777777 0.021875 0.05277777777777778
0 0.40234375 0.24861111111111112 0.0421875 0.10277777777777777
0 0.36015625 0.28055555555555556 0.028125 0.07777777777777778
0 0.3984375 0.26805555555555555 0.03125 0.08055555555555556
0 0.38515625 0.24722222222222223 0.025 0.06388888888888888
1 0.48359375 0.22777777777777777 0.04375 0.075
0 0.428125 0.19166666666666668 0.0234375 0.06111111111111111
0 0.44609375 0.20972222222222223 0.025 0.06944444444444445
