0 0.6703125 0.35 0.0453125 0.10555555555555556
0 0.303125 0.46111111111111114 0.03125 0.11388888888888889
0 0.2390625 0.44166666666666665 0.0359375 0.09444444444444444
0 0.071875 0.4 0.065625 0.07222222222222222
1 0.43125 0.3138888888888889 0.05 0.10833333333333334
0 0.5015625 0.25555555555555554 0.03125 0.05277777777777778
0 0.36875 0.25833333333333336 0.01875 0.06944444444444445
0 0.3875 0.21666666666666667 0.0234375 0.06666666666666667
0 0.409375 0.2361111111111111 0.01875 0.058333333333333334
0 0.3890625 0.2722222222222222 0.0140625 0.058333333333333334
