0 0.75625 0.4638888888888889 0.05 0.11388888888888889
0 0.77265625 0.6208333333333333 0.0515625 0.1388888888888889
0 0.925 0.7833333333333333 0.090625 0.26666666666666666
0 0.34609375 0.3597222222222222 0.03125 0.1
0 0.27578125 0.3375 0.040625 0.09722222222222222
0 0.04765625 0.5805555555555556 0.090625 0.19722222222222222
0 0.32734375 0.3138888888888889 0.0265625 0.10833333333333334
0 0.40234375 0.28888888888888886 0.0390625 0.10833333333333334
0 0.37890625 0.26805555555555555 0.0296875 0.08611111111111111
0 0.353125 0.2708333333333333 0.021875 0.07222222222222222
0 0.325 0.24444444444444444 0.0359375 0.06944444444444445
1 0.45234375 0.29583333333333334 0.0671875 0.11666666666666667
0 0.65625 0.25277777777777777 0.0234375 0.07777777777777778
0 0.91875 0.4861111111111111 0.0765625 0.10555555555555556
0 0.7953125 0.3458333333333333 0.0609375 0.08055555555555556
