0 0.43984375 0.3013888888888889 0.0484375 0.08333333333333333
0 0.540625 0.3125 0.01875 0.07222222222222222
0 0.30234375 0.425 0.0265625 0.09166666666666666
0 0.21953125 0.6083333333333333 0.0546875 0.14722222222222223
0 0.08671875 0.4263888888888889 0.0671875 0.07777777777777778
0 0.2703125 0.37916666666666665 0.025 0.10277777777777777
0 0.3578125 0.33194444444444443 0.0453125 0.08333333333333333
0 0.31796875 0.26666666666666666 0.0234375 0.06111111111111111
0 0.40546875 0.2722222222222222 0.0171875 0.07222222222222222
0 0.36015625 0.2569444444444444 0.01875 0.06666666666666667
0 0.36953125 0.2375 0.0140625 0.06111111111111111
0 0.371875 0.19305555555555556 0.0140625 0.05
0 0.38359375 0.24583333333333332 0.015625 0.06666666666666667
0 0.3015625 0.3527777777777778 0.0234375 0.06666666666666667
0 0.77265625 0.5972222222222222 0.053125 0.175
