1 0.615625 0.4 0.06875 0.1111111111111111
1 0.5640625 0.3055555555555556 0.05 0.10555555555555556
0 0.33125 0.43333333333333335 0.0296875 0.10555555555555556
0 0.240625 0.5111111111111111 0.040625 0.15
0 0.184375 0.7305555555555555 0.078125 0.15
0 0.11875 0.5888888888888889 0.0578125 0.1361111111111111
0 0.0703125 0.3972222222222222 0.0578125 0.07222222222222222
0 0.36875 0.3277777777777778 0.0296875 0.075
0 0.31875 0.34444444444444444 0.0234375 0.08055555555555556
0 0.3015625 0.31666666666666665 0.025 0.08333333333333333
0 0.403125 0.25555555555555554 0.025 0.07222222222222222
0 0.278125 0.6777777777777778 0.059375 0.225
0 0.3390625 0.25555555555555554 0.01875 0.06944444444444445
0 0.35625 0.2388888888888889 0.015625 0.06388888888888888
0 0.371875 0.25 0.0203125 0.06388888888888888
1 0.4578125 0.2388888888888889 0.0421875 0.08333333333333333
