0 0.7953125 0.6375 0.06875 0.18055555555555555
0 0.77734375 0.4625 0.0484375 0.125
0 0.85625 0.46111111111111114 0.0453125 0.10833333333333334
0 0.796875 0.8194444444444444 0.0953125 0.18611111111111112
0 0.68359375 0.34305555555555556 0.0421875 0.12222222222222222
0 0.3296875 0.38055555555555554 0.03125 0.10277777777777777
0 0.22890625 0.5958333333333333 0.05625 0.12777777777777777
0 0.121875 0.8055555555555556 0.0796875 0.15833333333333333
0 0.91328125 0.3138888888888889 0.0546875 0.07777777777777778
0 0.328125 0.25555555555555554 0.01875 0.06111111111111111
0 0.34140625 0.25833333333333336 0.021875 0.058333333333333334
0 0.37421875 0.23333333333333334 0.0203125 0.058333333333333334
0 0.44140625 0.33194444444444443 0.0296875 0.08611111111111111
0 0.1265625 0.9208333333333333 0.078125 0.15833333333333333
