1 0.4078125 0.5555555555555556 0.115625 0.18611111111111112
1 0.17734375 0.7583333333333333 0.1859375 0.33611111111111114
1 0.3796875 0.8555555555555555 0.1625 0.28888888888888886
3 0.42734375 0.3680555555555556 0.0890625 0.17777777777777778
1 0.31640625 0.4166666666666667 0.103125 0.15
0 0.3578125 0.2875 0.0234375 0.09166666666666666
0 0.3390625 0.2875 0.01875 0.058333333333333334
0 0.31015625 0.32083333333333336 0.025 0.07777777777777778
0 0.24921875 0.3763888888888889 0.0546875 0.10277777777777777
1 0.5828125 0.3861111111111111 0.059375 0.1388888888888889
0 0.846875 0.5430555555555555 0.053125 0.15
0 0.9125 0.37222222222222223 0.0578125 0.06388888888888888
0 0.77890625 0.2569444444444444 0.0578125 0.05555555555555555
0 0.6265625 0.23194444444444445 0.01875 0.06388888888888888
