0 0.91953125 0.3763888888888889 0.0609375 0.07222222222222222
0 0.7875 0.2569444444444444 0.0609375 0.05277777777777778
0 0.6828125 0.2722222222222222 0.025 0.09444444444444444
0 0.61640625 0.30416666666666664 0.028125 0.08611111111111111
1 0.43828125 0.2986111111111111 0.0625 0.10555555555555556
0 0.296875 0.3402777777777778 0.021875 0.09166666666666666
0 0.33359375 0.31527777777777777 0.0171875 0.07222222222222222
0 0.30859375 0.29444444444444445 0.025 0.058333333333333334
0 0.340625 0.2708333333333333 0.015625 0.09166666666666666
0 0.3828125 0.2791666666666667 0.0234375 0.09166666666666666
0 0.3609375 0.275 0.0234375 0.07222222222222222
0 0.60546875 0.20972222222222223 0.01875 0.07222222222222222
0 0.53125 0.25833333333333336 0.025 0.07222222222222222
