1 0.60625 0.5680555555555555 0.1265625 0.2777777777777778
0 0.76171875 0.6722222222222223 0.053125 0.15833333333333333
0 0.7859375 0.5708333333333333 0.028125 0.08055555555555556
0 0.7578125 0.48333333333333334 0.059375 0.13055555555555556
0 0.81484375 0.45555555555555555 0.0359375 0.1111111111111111
0 0.84296875 0.5458333333333333 0.040625 0.1
0 0.884375 0.6625 0.0609375 0.175
0 0.2875 0.35138888888888886 0.0265625 0.08888888888888889
0 0.7171875 0.4222222222222222 0.034375 0.10833333333333334
0 0.721875 0.33055555555555555 0.021875 0.06388888888888888
0 0.6609375 0.3347222222222222 0.0265625 0.075
0 0.61484375 0.30694444444444446 0.034375 0.08333333333333333
0 0.56484375 0.29583333333333334 0.0296875 0.08888888888888889
0 0.92109375 0.3680555555555556 0.0578125 0.08333333333333333
0 0.66796875 0.3 0.0234375 0.06944444444444445
0 0.60703125 0.2375 0.0203125 0.05277777777777778
0 0.6625 0.24027777777777778 0.015625 0.04722222222222222
0 0.63671875 0.225 0.015625 0.05555555555555555
