1 0.5953125 0.6986111111111111 0.1453125 0.26944444444444443
1 0.79453125 0.8180555555555555 0.2203125 0.32222222222222224
1 0.6359375 0.4777777777777778 0.0953125 0.1638888888888889
1 0.6296875 0.37916666666666665 0.05625 0.09166666666666666
2 0.73828125 0.25972222222222224 0.05625 0.06944444444444445
2 0.53671875 0.3680555555555556 0.065625 0.14722222222222223
3 0.53359375 0.3680555555555556 0.0765625 0.16111111111111112
3 0.29453125 0.23472222222222222 0.090625 0.19444444444444445
0 0.7640625 0.4263888888888889 0.0296875 0.08333333333333333
0 0.7109375 0.3486111111111111 0.028125 0.08333333333333333
