0 0.6703125 0.3541666666666667 0.03125 0.09166666666666666
0 0.62109375 0.31527777777777777 0.0265625 0.08055555555555556
1 0.70546875 0.5263888888888889 0.1328125 0.2222222222222222
2 0.54765625 0.24027777777777778 0.0796875 0.16666666666666666
0 0.303125 0.3527777777777778 0.03125 0.09722222222222222
0 0.38046875 0.30972222222222223 0.0296875 0.09444444444444444
1 0.440625 0.29305555555555557 0.0546875 0.1
0 0.071875 0.48194444444444445 0.065625 0.07777777777777778
0 0.12890625 0.6805555555555556 0.0703125 0.1638888888888889
0 0.55546875 0.4 0.0359375 0.10555555555555556
