1 0.5921875 0.6458333333333334 0.1171875 0.20555555555555555
1 0.57578125 0.4236111111111111 0.0859375 0.16111111111111112
1 0.63984375 0.30416666666666664 0.0578125 0.09166666666666666
1 0.603125 0.2152777777777778 0.046875 0.06111111111111111
3 0.5625 0.2847222222222222 0.0578125 0.11666666666666667
0 0.321875 0.36666666666666664 0.040625 0.11666666666666667
0 0.21484375 0.47638888888888886 0.0625 0.1388888888888889
0 0.08359375 0.30833333333333335 0.05625 0.08611111111111111
0 0.225 0.2222222222222222 0.0453125 0.04722222222222222
0 0.85546875 0.9305555555555556 0.0890625 0.1388888888888889
0 0.7828125 0.6013888888888889 0.0734375 0.14444444444444443
0 0.7140625 0.3625 0.0484375 0.10833333333333334
0 0.04765625 0.6638888888888889 0.084375 0.20555555555555555
0 0.396875 0.19444444444444445 0.021875 0.06666666666666667
0 0.6515625 0.44305555555555554 0.0390625 0.10555555555555556
0 0.66796875 0.2986111111111111 0.0234375 0.06944444444444445
0 0.415625 0.19027777777777777 0.0203125 0.05277777777777778
