0 0.13828125 0.8263888888888888 0.1046875 0.23333333333333334
0 0.07890625 0.5597222222222222 0.0734375 0.09166666666666666
0 0.184375 0.3972222222222222 0.05 0.07222222222222222
0 0.3203125 0.3347222222222222 0.0296875 0.07777777777777778
1 0.53671875 0.27361111111111114 0.071875 0.125
0 0.77890625 0.5055555555555555 0.0546875 0.15
0 0.74453125 0.325 0.0515625 0.13333333333333333
0 0.77421875 0.3111111111111111 0.046875 0.11944444444444445
0 0.671875 0.24166666666666667 0.03125 0.06944444444444445
0 0.70390625 0.24166666666666667 0.028125 0.06388888888888888
0 0.6515625 0.23194444444444445 0.0265625 0.07222222222222222
0 0.63359375 0.2569444444444444 0.040625 0.10277777777777777
0 0.60234375 0.23472222222222222 0.025 0.06944444444444445
0 0.58046875 0.2388888888888889 0.0375 0.08055555555555556
0 0.34453125 0.26944444444444443 0.0265625 0.075
