1 0.8078125 0.5541666666666667 0.109375 0.20555555555555555
1 0.36953125 0.39166666666666666 0.0859375 0.1388888888888889
1 0.484375 0.35833333333333334 0.05625 0.1
1 0.37109375 0.23194444444444445 0.0390625 0.058333333333333334
1 0.3171875 0.19305555555555556 0.0375 0.05
2 0.15546875 0.6736111111111112 0.3109375 0.5472222222222223
2 0.40390625 0.29583333333333334 0.0625 0.1111111111111111
3 0.48828125 0.25277777777777777 0.065625 0.11944444444444445
3 0.46796875 0.18888888888888888 0.0984375 0.10555555555555556
1 0.73359375 0.3763888888888889 0.05625 0.09166666666666666
