0 0.5640625 0.5527777777777778 0.028125 0.14444444444444443
0 0.51875 0.25833333333333336 0.0359375 0.10555555555555556
0 0.6046875 0.21944444444444444 0.021875 0.05277777777777778
1 0.4109375 0.5833333333333334 0.103125 0.24722222222222223
0 0.29375 0.5555555555555556 0.0453125 0.125
0 0.3515625 0.41388888888888886 0.0421875 0.08611111111111111
0 0.2296875 0.44722222222222224 0.0359375 0.10277777777777777
0 0.1890625 0.5916666666666667 0.05 0.1388888888888889
0 0.19375 0.7916666666666666 0.0609375 0.19166666666666668
0 0.0859375 0.4027777777777778 0.046875 0.06388888888888888
0 0.4046875 0.29444444444444445 0.0265625 0.075
0 0.34375 0.275 0.025 0.06944444444444445
0 0.3921875 0.21388888888888888 0.0234375 0.041666666666666664
0 0.2484375 0.5055555555555555 0.0234375 0.09722222222222222
0 0.2359375 0.36944444444444446 0.021875 0.06944444444444445
0 0.0546875 0.7222222222222222 0.06875 0.18333333333333332
