0 0.3765625 0.3236111111111111 0.028125 0.08055555555555556
0 0.36171875 0.2777777777777778 0.0234375 0.05277777777777778
0 0.646875 0.31805555555555554 0.034375 0.08333333333333333
0 0.690625 0.33055555555555555 0.040625 0.09722222222222222
0 0.6734375 0.2763888888888889 0.028125 0.06666666666666667
0 0.76640625 0.4875 0.05625 0.125
0 0.9078125 0.28055555555555556 0.0421875 0.05277777777777778
0 0.6359375 0.23333333333333334 0.0328125 0.06388888888888888
0 0.6171875 0.25277777777777777 0.0171875 0.05
0 0.5921875 0.22083333333333333 0.03125 0.06388888888888888
0 0.58125 0.1736111111111111 0.021875 0.05277777777777778
