0 0.1625 0.3333333333333333 0.0203125 0.07222222222222222
1 0.85234375 0.8666666666666667 0.2328125 0.25
1 0.56484375 0.6097222222222223 0.0953125 0.18055555555555555
1 0.67421875 0.5416666666666666 0.10625 0.1638888888888889
1 0.66953125 0.8944444444444445 0.190625 0.20555555555555555
1 0.52578125 0.4097222222222222 0.059375 0.10833333333333334
1 0.52265625 0.29583333333333334 0.0484375 0.08055555555555556
1 0.6015625 0.34444444444444444 0.053125 0.08888888888888889
1 0.59140625 0.28055555555555556 0.0390625 0.06388888888888888
3 0.5046875 0.2 0.115625 0.08611111111111111
