3 0.4015625 0.44305555555555554 0.196875 0.4888888888888889
2 0.64453125 0.5263888888888889 0.25 0.5333333333333333
0 0.70234375 0.40694444444444444 0.0453125 0.1111111111111111
0 0.66796875 0.30972222222222223 0.04375 0.10555555555555556
0 0.6125 0.23194444444444445 0.0265625 0.06944444444444445
0 0.14453125 0.6680555555555555 0.053125 0.125
0 0.19140625 0.6041666666666666 0.0546875 0.13333333333333333
0 0.30703125 0.45 0.04375 0.09166666666666666
0 0.3046875 0.36944444444444446 0.0375 0.07777777777777778
0 0.06953125 0.5166666666666667 0.0515625 0.08333333333333333
0 0.3 0.3111111111111111 0.025 0.06111111111111111
0 0.63046875 0.1875 0.01875 0.058333333333333334
0 0.60625 0.16944444444444445 0.015625 0.04722222222222222
0 0.590625 0.16527777777777777 0.021875 0.05555555555555555
