1 0.36171875 0.8152777777777778 0.1515625 0.2972222222222222
1 0.3921875 0.27361111111111114 0.05625 0.07222222222222222
1 0.4578125 0.2569444444444444 0.053125 0.07222222222222222
2 0.26328125 0.5708333333333333 0.18125 0.32222222222222224
2 0.34921875 0.20972222222222223 0.059375 0.07777777777777778
3 0.4640625 0.3875 0.1140625 0.24166666666666667
3 0.36796875 0.3638888888888889 0.0796875 0.18333333333333332
0 0.8125 0.39861111111111114 0.0296875 0.09166666666666666
0 0.9234375 0.5680555555555555 0.05 0.12777777777777777
0 0.83515625 0.35833333333333334 0.03125 0.07777777777777778
0 0.86953125 0.35694444444444445 0.0203125 0.06388888888888888
