0 0.375 0.41388888888888886 0.0296875 0.09444444444444444
1 0.725 0.5277777777777778 0.1125 0.18333333333333332
0 0.690625 0.6388888888888888 0.046875 0.14722222222222223
0 0.721875 0.4083333333333333 0.0265625 0.08611111111111111
0 0.690625 0.34444444444444444 0.028125 0.09444444444444444
0 0.634375 0.28888888888888886 0.03125 0.06666666666666667
2 0.553125 0.26944444444444443 0.08125 0.16111111111111112
0 0.30625 0.46111111111111114 0.046875 0.14166666666666666
0 0.303125 0.3638888888888889 0.0328125 0.08333333333333333
0 0.353125 0.2833333333333333 0.025 0.06944444444444445
0 0.396875 0.2833333333333333 0.025 0.09166666666666666
0 0.2515625 0.3638888888888889 0.03125 0.08888888888888889
0 0.1296875 0.5944444444444444 0.05 0.1527777777777778
0 0.2203125 0.6388888888888888 0.04375 0.125
0 0.2234375 0.5 0.0375 0.10833333333333334
0 0.08125 0.3972222222222222 0.0640625 0.075
0 0.3609375 0.22777777777777777 0.021875 0.06944444444444445
