1 0.35859375 0.7333333333333333 0.184375 0.3611111111111111
0 0.13515625 0.5041666666666667 0.078125 0.1638888888888889
0 0.11171875 0.6611111111111111 0.1015625 0.19444444444444445
1 0.31171875 0.3638888888888889 0.1265625 0.175
1 0.4203125 0.4666666666666667 0.1140625 0.20277777777777778
3 0.44375 0.3347222222222222 0.090625 0.16666666666666666
0 0.33203125 0.25277777777777777 0.028125 0.08333333333333333
1 0.39140625 0.25972222222222224 0.075 0.125
0 0.66875 0.4013888888888889 0.0484375 0.14444444444444443
0 0.93046875 0.5069444444444444 0.059375 0.10555555555555556
0 0.809375 0.375 0.0421875 0.06944444444444445
0 0.54375 0.26666666666666666 0.0375 0.09444444444444444
0 0.59609375 0.2569444444444444 0.0234375 0.06944444444444445
0 0.62421875 0.2625 0.025 0.075
0 0.27265625 0.26666666666666666 0.0265625 0.08888888888888889
