3 0.028125 0.7486111111111111 0.05625 0.3638888888888889
3 0.54453125 0.28888888888888886 0.0671875 0.13055555555555556
1 0.56484375 0.5763888888888888 0.125 0.2
1 0.646875 0.8388888888888889 0.20625 0.32222222222222224
1 0.86015625 0.8888888888888888 0.2515625 0.2222222222222222
1 0.53203125 0.3597222222222222 0.0484375 0.07777777777777778
3 0.2265625 0.7027777777777777 0.2765625 0.5472222222222223
0 0.7625 0.4625 0.0328125 0.08611111111111111
2 0.67890625 0.5333333333333333 0.128125 0.22777777777777777
3 0.62890625 0.3611111111111111 0.0765625 0.14722222222222223
