0 0.2140625 0.6916666666666667 0.059375 0.16944444444444445
0 0.221875 0.5138888888888888 0.0421875 0.11666666666666667
0 0.14375 0.5277777777777778 0.0390625 0.10277777777777777
0 0.2234375 0.8722222222222222 0.0859375 0.17222222222222222
0 0.3078125 0.37777777777777777 0.0359375 0.11666666666666667
0 0.6625 0.35 0.025 0.1
0 0.775 0.5444444444444444 0.05 0.11944444444444445
0 0.89375 0.7333333333333333 0.071875 0.14444444444444443
0 0.078125 0.39166666666666666 0.0515625 0.06944444444444445
0 0.65625 0.225 0.015625 0.058333333333333334
0 0.64375 0.23055555555555557 0.01875 0.05555555555555555
0 0.609375 0.2111111111111111 0.0171875 0.05555555555555555
0 0.5484375 0.32222222222222224 0.025 0.08055555555555556
0 0.8984375 0.8833333333333333 0.065625 0.21388888888888888
