1 0.27734375 0.4222222222222222 0.1796875 0.28888888888888886
0 0.35390625 0.19166666666666668 0.03125 0.07777777777777778
0 0.49140625 0.2569444444444444 0.0296875 0.08888888888888889
0 0.62890625 0.41805555555555557 0.046875 0.12222222222222222
0 0.69453125 0.5180555555555556 0.0453125 0.1361111111111111
0 0.721875 0.4652777777777778 0.0390625 0.1
0 0.67578125 0.3625 0.034375 0.09722222222222222
0 0.80078125 0.5972222222222222 0.0515625 0.13333333333333333
0 0.8203125 0.9125 0.115625 0.175
0 0.9171875 0.5958333333333333 0.0796875 0.09722222222222222
0 0.6109375 0.28888888888888886 0.0265625 0.06944444444444445
0 0.6703125 0.29305555555555557 0.0296875 0.06944444444444445
