0 0.3375 0.3888888888888889 0.0359375 0.11666666666666667
0 0.25625 0.39444444444444443 0.0390625 0.09166666666666666
0 0.078125 0.39444444444444443 0.0578125 0.07777777777777778
0 0.20625 0.2833333333333333 0.0453125 0.03888888888888889
0 0.5203125 0.2722222222222222 0.0421875 0.08611111111111111
0 0.4078125 0.29444444444444445 0.0234375 0.07777777777777778
0 0.3828125 0.23333333333333334 0.0171875 0.06666666666666667
0 0.3421875 0.3 0.0359375 0.075
0 0.4203125 0.2222222222222222 0.01875 0.06111111111111111
0 0.3984375 0.17777777777777778 0.0171875 0.05
