0 0.821875 0.2569444444444444 0.0234375 0.08055555555555556
1 0.44765625 0.5875 0.1078125 0.20555555555555555
1 0.3734375 0.43194444444444446 0.06875 0.11666666666666667
1 0.50234375 0.22361111111111112 0.059375 0.06666666666666667
1 0.3828125 0.3527777777777778 0.0578125 0.075
1 0.45703125 0.3375 0.059375 0.08888888888888889
1 0.4328125 0.3111111111111111 0.05 0.08333333333333333
1 0.42734375 0.2722222222222222 0.0453125 0.06666666666666667
1 0.45234375 0.4097222222222222 0.0703125 0.1388888888888889
1 0.3203125 0.2972222222222222 0.0453125 0.06111111111111111
2 0.25546875 0.7402777777777778 0.240625 0.41944444444444445
