1 0.621875 0.7666666666666667 0.1640625 0.3277777777777778
0 0.8609375 0.5944444444444444 0.06875 0.1527777777777778
0 0.871875 0.7555555555555555 0.0875 0.17222222222222222
1 0.696875 0.4111111111111111 0.11875 0.15555555555555556
1 0.58125 0.4861111111111111 0.09375 0.16666666666666666
3 0.56875 0.35 0.0828125 0.1527777777777778
0 0.6859375 0.2972222222222222 0.021875 0.07777777777777778
1 0.6265625 0.28888888888888886 0.0671875 0.10833333333333334
0 0.340625 0.3611111111111111 0.0328125 0.13055555555555556
0 0.0734375 0.4 0.053125 0.09166666666666666
0 0.203125 0.3 0.0375 0.06111111111111111
0 0.475 0.25833333333333336 0.028125 0.08611111111111111
0 0.4234375 0.2361111111111111 0.0203125 0.06944444444444445
0 0.3953125 0.23333333333333334 0.0203125 0.07222222222222222
0 0.74375 0.325 0.021875 0.08333333333333333
