2 0.6265625 0.4652777777777778 0.1765625 0.41944444444444445
0 0.86171875 0.5763888888888888 0.071875 0.14166666666666666
0 0.93359375 0.4638888888888889 0.0765625 0.18888888888888888
0 0.8015625 0.3736111111111111 0.05 0.13055555555555556
0 0.75625 0.425 0.040625 0.09444444444444444
0 0.7359375 0.35694444444444445 0.0375 0.075
0 0.7546875 0.3263888888888889 0.0296875 0.08611111111111111
0 0.703125 0.40694444444444444 0.0484375 0.12777777777777777
0 0.67890625 0.3277777777777778 0.040625 0.11944444444444445
0 0.69296875 0.26944444444444443 0.0265625 0.09722222222222222
0 0.30078125 0.46944444444444444 0.0421875 0.10277777777777777
0 0.18359375 0.6041666666666666 0.046875 0.11666666666666667
0 0.63671875 0.20416666666666666 0.028125 0.06666666666666667
0 0.61484375 0.21388888888888888 0.025 0.06944444444444445
0 0.51796875 0.27361111111111114 0.03125 0.08055555555555556
