1 0.43203125 0.3 0.0640625 0.13333333333333333
0 0.26875 0.5458333333333333 0.0515625 0.12777777777777777
0 0.2578125 0.4222222222222222 0.04375 0.11944444444444445
0 0.29453125 0.3486111111111111 0.025 0.075
0 0.3078125 0.32916666666666666 0.0234375 0.07777777777777778
0 0.33203125 0.3416666666666667 0.0375 0.08888888888888889
0 0.3515625 0.3013888888888889 0.03125 0.06944444444444445
0 0.371875 0.30277777777777776 0.0375 0.08055555555555556
0 0.39375 0.3013888888888889 0.025 0.07222222222222222
0 0.6734375 0.29444444444444445 0.03125 0.1
0 0.9171875 0.32916666666666666 0.0796875 0.09166666666666666
0 0.775 0.23055555555555557 0.0546875 0.05
0 0.625 0.225 0.0296875 0.07222222222222222
0 0.22578125 0.4083333333333333 0.0296875 0.09722222222222222
