0 0.64609375 0.4708333333333333 0.05 0.14166666666666666
0 0.7359375 0.48194444444444445 0.05625 0.1388888888888889
0 0.83828125 0.4847222222222222 0.0625 0.1388888888888889
0 0.75859375 0.3902777777777778 0.04375 0.13333333333333333
0 0.69609375 0.3194444444444444 0.0484375 0.08611111111111111
0 0.675 0.2652777777777778 0.0359375 0.08333333333333333
0 0.65 0.2361111111111111 0.01875 0.06111111111111111
0 0.63359375 0.26666666666666666 0.0203125 0.06111111111111111
0 0.60625 0.30833333333333335 0.0296875 0.07222222222222222
0 0.340625 0.3472222222222222 0.03125 0.06666666666666667
0 0.309375 0.32222222222222224 0.021875 0.06388888888888888
0 0.90703125 0.2652777777777778 0.065625 0.08055555555555556
0 0.828125 0.4 0.0421875 0.10833333333333334
3 0.52109375 0.23333333333333334 0.059375 0.14444444444444443
0 0.5796875 0.25 0.025 0.06666666666666667
0 0.61328125 0.23055555555555557 0.0203125 0.058333333333333334
0 0.63125 0.2111111111111111 0.0171875 0.044444444444444446
