0 0.7390625 0.7611111111111111 0.0703125 0.18333333333333332
0 0.809375 0.9055555555555556 0.0671875 0.18888888888888888
0 0.903125 0.7 0.0703125 0.14166666666666666
0 0.771875 0.4638888888888889 0.04375 0.125
0 0.7296875 0.4111111111111111 0.034375 0.11388888888888889
0 0.696875 0.36666666666666664 0.0171875 0.07777777777777778
0 0.7 0.3 0.03125 0.075
0 0.6734375 0.2916666666666667 0.0203125 0.05
0 0.659375 0.29444444444444445 0.0140625 0.05555555555555555
0 0.6296875 0.3055555555555556 0.015625 0.05555555555555555
0 0.60625 0.25833333333333336 0.015625 0.05277777777777778
0 0.596875 0.28055555555555556 0.021875 0.05555555555555555
1 0.5484375 0.2611111111111111 0.053125 0.07777777777777778
0 0.0765625 0.3972222222222222 0.05625 0.06944444444444445
0 0.215625 0.2833333333333333 0.0375 0.03611111111111111
0 0.4375 0.25833333333333336 0.0234375 0.05
0 0.34375 0.24444444444444444 0.0171875 0.06111111111111111
