0 0.38984375 0.46944444444444444 0.04375 0.11666666666666667
0 0.73515625 0.40694444444444444 0.0484375 0.12777777777777777
0 0.65546875 0.21944444444444444 0.0265625 0.08333333333333333
0 0.06328125 0.5402777777777777 0.0609375 0.08888888888888889
0 0.328125 0.5027777777777778 0.046875 0.14166666666666666
0 0.25625 0.5388888888888889 0.0390625 0.08611111111111111
0 0.19375 0.5694444444444444 0.0421875 0.08611111111111111
0 0.23046875 0.7430555555555556 0.096875 0.175
0 0.34296875 0.3736111111111111 0.0328125 0.08888888888888889
0 0.2734375 0.38055555555555554 0.0296875 0.06666666666666667
0 0.4125 0.3263888888888889 0.0328125 0.08333333333333333
0 0.34609375 0.27361111111111114 0.0234375 0.04722222222222222
0 0.309375 0.3277777777777778 0.025 0.06944444444444445
0 0.38359375 0.26805555555555555 0.025 0.06388888888888888
0 0.27421875 0.4736111111111111 0.0375 0.08055555555555556
0 0.3390625 0.30694444444444446 0.0234375 0.05277777777777778
