0 0.9109375 0.7916666666666666 0.1 0.2222222222222222
0 0.734375 0.3527777777777778 0.03125 0.08888888888888889
0 0.68125 0.29444444444444445 0.0203125 0.075
0 0.65625 0.28055555555555556 0.01875 0.06388888888888888
0 0.609375 0.2777777777777778 0.0203125 0.075
0 0.6328125 0.26944444444444443 0.0296875 0.06666666666666667
1 0.559375 0.2833333333333333 0.059375 0.08888888888888889
0 0.3546875 0.3277777777777778 0.025 0.08333333333333333
0 0.325 0.32222222222222224 0.0296875 0.11944444444444445
0 0.215625 0.41944444444444445 0.028125 0.08888888888888889
0 0.0765625 0.4 0.05625 0.058333333333333334
0 0.2078125 0.2916666666666667 0.0578125 0.05555555555555555
0 0.66875 0.25277777777777777 0.0140625 0.04722222222222222
