0 0.15 0.39444444444444443 0.0296875 0.1
0 0.221875 0.3638888888888889 0.0234375 0.08055555555555556
1 0.8 0.7972222222222223 0.1921875 0.29444444444444445
1 0.64375 0.5611111111111111 0.0953125 0.16111111111111112
1 0.5953125 0.7527777777777778 0.15 0.275
1 0.6515625 0.24166666666666667 0.0375 0.044444444444444446
1 0.6171875 0.39166666666666666 0.065625 0.10833333333333334
1 0.596875 0.3194444444444444 0.0421875 0.06666666666666667
2 0.61875 0.26666666666666666 0.05 0.06944444444444445
3 0.5484375 0.2111111111111111 0.0875 0.12222222222222222
3 0.1921875 0.7527777777777778 0.384375 0.49166666666666664
