0 0.5859375 0.29583333333333334 0.046875 0.10277777777777777
0 0.7828125 0.44305555555555554 0.059375 0.18055555555555555
0 0.484375 0.2569444444444444 0.0390625 0.06388888888888888
0 0.21015625 0.7958333333333333 0.0765625 0.14444444444444443
0 0.08671875 0.5152777777777777 0.0765625 0.08611111111111111
1 0.4203125 0.28055555555555556 0.053125 0.1
0 0.54296875 0.375 0.03125 0.09444444444444444
0 0.5875 0.37916666666666665 0.0328125 0.09166666666666666
0 0.57265625 0.2152777777777778 0.0265625 0.06111111111111111
0 0.59609375 0.19722222222222222 0.025 0.06666666666666667
0 0.3765625 0.25277777777777777 0.0234375 0.06944444444444445
0 0.509375 0.25 0.0171875 0.05
