0 0.64609375 0.6444444444444445 0.0703125 0.19722222222222222
0 0.828125 0.6361111111111111 0.0984375 0.275
0 0.58828125 0.5236111111111111 0.071875 0.17222222222222222
0 0.678125 0.325 0.0515625 0.13333333333333333
0 0.6921875 0.2611111111111111 0.04375 0.10555555555555556
3 0.31484375 0.6527777777777778 0.4046875 0.6944444444444444
0 0.2 0.525 0.0390625 0.09444444444444444
0 0.1828125 0.6125 0.0421875 0.09166666666666666
0 0.2984375 0.3486111111111111 0.034375 0.08055555555555556
0 0.34453125 0.2847222222222222 0.0296875 0.06944444444444445
0 0.07421875 0.5388888888888889 0.075 0.10833333333333334
0 0.19453125 0.3875 0.053125 0.06666666666666667
0 0.5234375 0.32222222222222224 0.034375 0.09166666666666666
0 0.07421875 0.8305555555555556 0.08125 0.19166666666666668
0 0.24609375 0.44583333333333336 0.034375 0.08333333333333333
0 0.66015625 0.21805555555555556 0.028125 0.08333333333333333
