3 0.38671875 0.4152777777777778 0.1609375 0.37222222222222223
1 0.3140625 0.4847222222222222 0.08125 0.1388888888888889
0 0.21484375 0.8777777777777778 0.0828125 0.2361111111111111
0 0.11640625 0.9125 0.1015625 0.175
0 0.23203125 0.5388888888888889 0.04375 0.09722222222222222
0 0.25546875 0.47638888888888886 0.0390625 0.10555555555555556
0 0.3015625 0.3958333333333333 0.0296875 0.075
0 0.89140625 0.22361111111111112 0.053125 0.09166666666666666
0 0.0953125 0.7708333333333334 0.0796875 0.15833333333333333
0 0.509375 0.26944444444444443 0.040625 0.09444444444444444
0 0.284375 0.39861111111111114 0.028125 0.075
