1 0.53203125 0.28888888888888886 0.059375 0.11666666666666667
0 0.61953125 0.3111111111111111 0.0390625 0.07777777777777778
0 0.33125 0.4152777777777778 0.0390625 0.10833333333333334
0 0.2625 0.5527777777777778 0.0640625 0.1361111111111111
0 0.378125 0.3402777777777778 0.03125 0.08888888888888889
0 0.31328125 0.33611111111111114 0.0328125 0.08888888888888889
0 0.35 0.30833333333333335 0.0265625 0.08055555555555556
0 0.33671875 0.28194444444444444 0.0234375 0.06666666666666667
0 0.59375 0.20694444444444443 0.021875 0.05277777777777778
0 0.584375 0.25416666666666665 0.025 0.06111111111111111
3 0.52109375 0.18472222222222223 0.0703125 0.14166666666666666
