0 0.175 0.26666666666666666 0.0203125 0.06111111111111111
0 0.1578125 0.2263888888888889 0.0234375 0.06111111111111111
1 0.60078125 0.8041666666666667 0.1328125 0.2638888888888889
1 0.5375 0.45 0.0828125 0.15833333333333333
1 0.61328125 0.43333333333333335 0.0703125 0.11944444444444445
1 0.64140625 0.2791666666666667 0.0453125 0.05555555555555555
1 0.76328125 0.7527777777777778 0.1921875 0.3055555555555556
1 0.53984375 0.275 0.046875 0.06666666666666667
2 0.67578125 0.2263888888888889 0.0609375 0.07222222222222222
1 0.54296875 0.32916666666666666 0.0390625 0.07222222222222222
1 0.609375 0.3541666666666667 0.046875 0.08333333333333333
3 0.7265625 0.2375 0.0515625 0.07777777777777778
