0 0.134375 0.6027777777777777 0.0984375 0.19444444444444445
1 0.4578125 0.28888888888888886 0.0640625 0.11666666666666667
1 0.7 0.5625 0.1203125 0.21388888888888888
1 0.5828125 0.44722222222222224 0.0890625 0.175
0 0.6796875 0.4125 0.0296875 0.08611111111111111
0 0.7203125 0.4513888888888889 0.040625 0.09444444444444444
0 0.74765625 0.4305555555555556 0.028125 0.075
0 0.7265625 0.3736111111111111 0.0234375 0.06944444444444445
0 0.84921875 0.6597222222222222 0.0609375 0.16111111111111112
0 0.9265625 0.5319444444444444 0.0609375 0.07777777777777778
0 0.690625 0.3347222222222222 0.025 0.06111111111111111
0 0.6640625 0.3375 0.0234375 0.07222222222222222
1 0.625 0.35833333333333334 0.0609375 0.09722222222222222
1 0.86015625 0.8569444444444444 0.2390625 0.2861111111111111
0 0.64765625 0.30416666666666664 0.0234375 0.06944444444444445
