0 0.353125 0.5166666666666667 0.0375 0.13333333333333333
0 0.265625 0.5555555555555556 0.04375 0.12777777777777777
0 0.165625 0.5888888888888889 0.0515625 0.125
0 0.234375 0.4722222222222222 0.0328125 0.125
0 0.2890625 0.38333333333333336 0.0421875 0.075
0 0.3046875 0.32222222222222224 0.0296875 0.075
0 0.3265625 0.2861111111111111 0.0125 0.058333333333333334
0 0.3453125 0.3111111111111111 0.015625 0.058333333333333334
0 0.3765625 0.34444444444444444 0.0234375 0.06666666666666667
0 0.6421875 0.3 0.0265625 0.058333333333333334
0 0.6703125 0.26666666666666666 0.0171875 0.058333333333333334
0 0.0765625 0.39444444444444443 0.0609375 0.06388888888888888
0 0.1671875 0.5027777777777778 0.0328125 0.1
3 0.453125 0.24444444444444444 0.046875 0.13333333333333333
0 0.396875 0.2777777777777778 0.01875 0.06111111111111111
0 0.3625 0.26944444444444443 0.015625 0.05555555555555555
0 0.3421875 0.25555555555555554 0.0140625 0.041666666666666664
