0 0.83125 0.5027777777777778 0.04375 0.10833333333333334
1 0.6359375 0.8555555555555555 0.1796875 0.2861111111111111
1 0.53125 0.4361111111111111 0.0765625 0.1361111111111111
1 0.48125 0.225 0.0625 0.05555555555555555
1 0.525 0.325 0.0484375 0.08333333333333333
1 0.540625 0.2833333333333333 0.04375 0.05277777777777778
1 0.6265625 0.23055555555555557 0.040625 0.05
2 0.65 0.37777777777777777 0.109375 0.2222222222222222
3 0.7609375 0.6305555555555555 0.1953125 0.31666666666666665
1 0.5734375 0.25555555555555554 0.046875 0.05277777777777778
