1 0.665625 0.5166666666666667 0.0828125 0.13333333333333333
1 0.55625 0.4777777777777778 0.0671875 0.12777777777777777
1 0.596875 0.35 0.046875 0.07777777777777778
1 0.58125 0.2833333333333333 0.04375 0.05555555555555555
1 0.525 0.325 0.053125 0.075
2 0.8703125 0.8527777777777777 0.246875 0.2916666666666667
2 0.64375 0.24444444444444444 0.046875 0.05555555555555555
0 0.1640625 0.37222222222222223 0.03125 0.10555555555555556
0 0.2015625 0.3888888888888889 0.03125 0.09722222222222222
0 0.70625 0.2861111111111111 0.0125 0.04722222222222222
