1 0.3640625 0.45555555555555555 0.1125 0.19166666666666668
0 0.71796875 0.6194444444444445 0.0625 0.16666666666666666
0 0.83671875 0.6111111111111112 0.0421875 0.13333333333333333
0 0.88359375 0.5805555555555556 0.0359375 0.10277777777777777
0 0.71171875 0.4041666666666667 0.0359375 0.11944444444444445
0 0.6609375 0.2777777777777778 0.015625 0.05277777777777778
0 0.92421875 0.4583333333333333 0.0609375 0.06388888888888888
0 0.9265625 0.8972222222222223 0.1 0.20555555555555555
0 0.62734375 0.2875 0.0234375 0.07222222222222222
0 0.36484375 0.26666666666666666 0.0234375 0.08888888888888889
0 0.334375 0.24583333333333332 0.0234375 0.07222222222222222
0 0.73984375 0.5013888888888889 0.0359375 0.12222222222222222
0 0.646875 0.2375 0.01875 0.06388888888888888
0 0.63046875 0.2125 0.01875 0.058333333333333334
