0 0.32578125 0.4638888888888889 0.0328125 0.1
0 0.31640625 0.36944444444444446 0.025 0.07222222222222222
0 0.3453125 0.3347222222222222 0.034375 0.07777777777777778
0 0.3796875 0.3402777777777778 0.0265625 0.10555555555555556
0 0.34375 0.2652777777777778 0.0265625 0.05555555555555555
0 0.2140625 0.2708333333333333 0.0515625 0.075
0 0.08671875 0.37916666666666665 0.0625 0.08055555555555556
1 0.57734375 0.21805555555555556 0.034375 0.05277777777777778
0 0.14453125 0.5222222222222223 0.0484375 0.125
0 0.1875 0.5611111111111111 0.0484375 0.12222222222222222
0 0.37109375 0.23333333333333334 0.015625 0.05555555555555555
0 0.6640625 0.2513888888888889 0.021875 0.058333333333333334
