1 0.415625 0.6430555555555556 0.1390625 0.2722222222222222
0 0.29375 0.5166666666666667 0.0984375 0.15
3 0.4140625 0.38472222222222224 0.0953125 0.18055555555555555
0 0.321875 0.3486111111111111 0.0203125 0.06111111111111111
0 0.29609375 0.38472222222222224 0.034375 0.09444444444444444
0 0.6578125 0.28194444444444444 0.0421875 0.10833333333333334
1 0.540625 0.24722222222222223 0.05625 0.10555555555555556
0 0.89375 0.24444444444444444 0.075 0.09722222222222222
0 0.7578125 0.175 0.03125 0.044444444444444446
1 0.153125 0.9722222222222222 0.19375 0.05555555555555555
0 0.24296875 0.44583333333333336 0.040625 0.10555555555555556
0 0.275 0.43333333333333335 0.034375 0.06944444444444445
