0 0.5078125 0.25 0.04375 0.07222222222222222
0 0.2734375 0.4791666666666667 0.040625 0.10833333333333334
0 0.26640625 0.4027777777777778 0.0359375 0.09166666666666666
0 0.275 0.8861111111111111 0.0921875 0.22777777777777777
0 0.84921875 0.6152777777777778 0.0734375 0.21944444444444444
0 0.8921875 0.5166666666666667 0.0609375 0.16111111111111112
0 0.9046875 0.2791666666666667 0.0609375 0.07222222222222222
0 0.7703125 0.1986111111111111 0.0421875 0.058333333333333334
0 0.78515625 0.4166666666666667 0.0515625 0.125
0 0.696875 0.3486111111111111 0.04375 0.07777777777777778
0 0.68359375 0.43194444444444446 0.0484375 0.09722222222222222
2 0.5875 0.3972222222222222 0.1390625 0.3277777777777778
0 0.675 0.25972222222222224 0.034375 0.08611111111111111
0 0.7671875 0.3402777777777778 0.0390625 0.11388888888888889
0 0.646875 0.23333333333333334 0.025 0.08055555555555556
0 0.63203125 0.2777777777777778 0.0296875 0.08333333333333333
0 0.58515625 0.2111111111111111 0.028125 0.07222222222222222
0 0.60703125 0.17777777777777778 0.0203125 0.05277777777777778
0 0.61875 0.19722222222222222 0.025 0.06388888888888888
