0 0.92265625 0.475 0.0640625 0.09166666666666666
0 0.75078125 0.6638888888888889 0.0609375 0.12222222222222222
0 0.746875 0.5458333333333333 0.0546875 0.1388888888888889
0 0.69375 0.4166666666666667 0.03125 0.08888888888888889
0 0.63125 0.40694444444444444 0.03125 0.09166666666666666
0 0.69140625 0.3486111111111111 0.0234375 0.08333333333333333
0 0.66640625 0.3138888888888889 0.0265625 0.07777777777777778
0 0.6453125 0.2708333333333333 0.021875 0.06388888888888888
0 0.62109375 0.25972222222222224 0.0171875 0.05277777777777778
2 0.5671875 0.2611111111111111 0.090625 0.17777777777777778
