0 0.93359375 0.5263888888888889 0.071875 0.1
0 0.775 0.575 0.05 0.1
0 0.76015625 0.6638888888888889 0.05 0.1111111111111111
0 0.34375 0.3611111111111111 0.04375 0.11666666666666667
0 0.70234375 0.4736111111111111 0.0421875 0.09722222222222222
0 0.6796875 0.38472222222222224 0.0453125 0.10277777777777777
0 0.70234375 0.3611111111111111 0.0390625 0.09166666666666666
0 0.6390625 0.34305555555555556 0.034375 0.08333333333333333
2 0.66953125 0.6694444444444444 0.3796875 0.6611111111111111
1 0.56953125 0.30694444444444446 0.0734375 0.12777777777777777
