0 0.65234375 0.32083333333333336 0.05 0.1361111111111111
0 0.67578125 0.2722222222222222 0.0359375 0.08055555555555556
0 0.74375 0.28055555555555556 0.046875 0.1111111111111111
0 0.89765625 0.19583333333333333 0.053125 0.08888888888888889
0 0.25859375 0.6666666666666666 0.08125 0.16944444444444445
0 0.6125 0.22777777777777777 0.0375 0.08888888888888889
0 0.3078125 0.30972222222222223 0.021875 0.058333333333333334
0 0.33984375 0.29444444444444445 0.0203125 0.05277777777777778
0 0.321875 0.30277777777777776 0.025 0.06111111111111111
0 0.7671875 0.425 0.0671875 0.1527777777777778
0 0.41640625 0.4305555555555556 0.0375 0.08611111111111111
