1 0.5796875 0.29444444444444445 0.046875 0.08333333333333333
1 0.7359375 0.8916666666666667 0.1734375 0.21388888888888888
0 0.590625 0.48333333333333334 0.0375 0.11666666666666667
0 0.634375 0.4222222222222222 0.025 0.08333333333333333
0 0.778125 0.5333333333333333 0.0421875 0.12222222222222222
0 0.6390625 0.28888888888888886 0.01875 0.06944444444444445
0 0.328125 0.37777777777777777 0.03125 0.09444444444444444
0 0.2703125 0.36666666666666664 0.0203125 0.08611111111111111
0 0.215625 0.49444444444444446 0.025 0.10555555555555556
0 0.34375 0.28888888888888886 0.0203125 0.06666666666666667
0 0.353125 0.22777777777777777 0.01875 0.05277777777777778
0 0.3875 0.2222222222222222 0.015625 0.05555555555555555
0 0.259375 0.6166666666666667 0.046875 0.17222222222222222
0 0.184375 0.6805555555555556 0.0546875 0.175
