0 0.43125 0.35 0.0234375 0.06666666666666667
0 0.1984375 0.3388888888888889 0.01875 0.06388888888888888
1 0.653125 0.8916666666666667 0.171875 0.21388888888888888
1 0.690625 0.5777777777777777 0.1265625 0.19166666666666668
1 0.5171875 0.35 0.046875 0.07222222222222222
1 0.596875 0.32222222222222224 0.046875 0.06388888888888888
1 0.6109375 0.4111111111111111 0.0671875 0.10833333333333334
1 0.54375 0.4777777777777778 0.0859375 0.1638888888888889
1 0.5234375 0.29444444444444445 0.0421875 0.06388888888888888
1 0.325 0.44722222222222224 0.0640625 0.12222222222222222
1 0.6296875 0.2638888888888889 0.0421875 0.05277777777777778
2 0.878125 0.8611111111111112 0.2390625 0.275
3 0.6109375 0.2 0.115625 0.09444444444444444
