1 0.3703125 0.46805555555555556 0.1078125 0.21944444444444444
2 0.2578125 0.7513888888888889 0.3640625 0.44722222222222224
1 0.46171875 0.35833333333333334 0.0828125 0.15555555555555556
1 0.47890625 0.2625 0.0609375 0.09444444444444444
1 0.44921875 0.1763888888888889 0.04375 0.07777777777777778
0 0.634375 0.5527777777777778 0.0515625 0.1527777777777778
0 0.77734375 0.7111111111111111 0.065625 0.14166666666666666
0 0.7734375 0.5944444444444444 0.0546875 0.11944444444444445
0 0.9265625 0.5347222222222222 0.0625 0.09444444444444444
0 0.81015625 0.38055555555555554 0.05 0.058333333333333334
0 0.69296875 0.46111111111111114 0.0375 0.09166666666666666
0 0.571875 0.4125 0.028125 0.08888888888888889
0 0.609375 0.34305555555555556 0.0296875 0.08888888888888889
0 0.68359375 0.4111111111111111 0.040625 0.10555555555555556
0 0.64765625 0.3263888888888889 0.0296875 0.075
0 0.30703125 0.30416666666666664 0.04375 0.10833333333333334
0 0.3734375 0.25972222222222224 0.0265625 0.08333333333333333
0 0.409375 0.16944444444444445 0.0265625 0.08055555555555556
0 0.434375 0.2625 0.025 0.06388888888888888
0 0.40703125 0.26805555555555555 0.021875 0.06388888888888888
0 0.7859375 0.525 0.040625 0.1
0 0.6921875 0.5486111111111112 0.0453125 0.13333333333333333
0 0.665625 0.32083333333333336 0.0171875 0.05555555555555555
0 0.6921875 0.30416666666666664 0.028125 0.07777777777777778
0 0.6546875 0.26944444444444443 0.01875 0.05277777777777778
0 0.634375 0.3 0.01875 0.05277777777777778
0 0.3625 0.18888888888888888 0.0234375 0.06666666666666667
0 0.6140625 0.2763888888888889 0.0203125 0.05277777777777778
0 0.63984375 0.24444444444444444 0.0171875 0.04722222222222222
0 0.634375 0.1986111111111111 0.01875 0.04722222222222222
