3 0.37578125 0.4791666666666667 0.1234375 0.29444444444444445
0 0.309375 0.4013888888888889 0.040625 0.10277777777777777
1 0.3890625 0.2833333333333333 0.0515625 0.08611111111111111
1 0.4421875 0.25555555555555554 0.0671875 0.09444444444444444
1 0.61328125 0.5222222222222223 0.1171875 0.25
0 0.6984375 0.48194444444444445 0.06875 0.15833333333333333
0 0.75546875 0.4583333333333333 0.046875 0.1388888888888889
0 0.790625 0.38055555555555554 0.0484375 0.09722222222222222
0 0.871875 0.46111111111111114 0.0578125 0.1638888888888889
0 0.8515625 0.6944444444444444 0.0765625 0.19722222222222222
0 0.94921875 0.5305555555555556 0.0765625 0.17777777777777778
0 0.81953125 0.5222222222222223 0.0453125 0.1361111111111111
0 0.60546875 0.29444444444444445 0.03125 0.08333333333333333
0 0.625 0.2569444444444444 0.0296875 0.075
0 0.9109375 0.31527777777777777 0.084375 0.10833333333333334
1 0.5421875 0.225 0.04375 0.09166666666666666
0 0.60546875 0.18055555555555555 0.01875 0.05555555555555555
0 0.621875 0.2125 0.0203125 0.058333333333333334
0 0.5796875 0.19444444444444445 0.015625 0.05555555555555555
