0 0.078125 0.40555555555555556 0.059375 0.06666666666666667
0 0.3125 0.34444444444444444 0.025 0.05555555555555555
0 0.3015625 0.3111111111111111 0.0234375 0.06111111111111111
0 0.3390625 0.25277777777777777 0.01875 0.06111111111111111
0 0.640625 0.3611111111111111 0.0328125 0.08055555555555556
0 0.696875 0.3277777777777778 0.021875 0.07222222222222222
0 0.73125 0.35 0.0234375 0.07777777777777778
2 0.184375 0.575 0.275 0.5111111111111111
3 0.409375 0.3527777777777778 0.1390625 0.39166666666666666
0 0.6015625 0.2388888888888889 0.01875 0.05277777777777778
0 0.2671875 0.325 0.021875 0.05277777777777778
0 0.315625 0.2833333333333333 0.015625 0.06388888888888888
