0 0.69375 0.4486111111111111 0.0421875 0.1388888888888889
0 0.67421875 0.3527777777777778 0.034375 0.09444444444444444
0 0.74765625 0.4625 0.04375 0.1361111111111111
0 0.7875 0.7041666666666667 0.0578125 0.2111111111111111
0 0.94453125 0.7166666666666667 0.0921875 0.17777777777777778
0 0.215625 0.5708333333333333 0.0484375 0.1361111111111111
0 0.07734375 0.4361111111111111 0.08125 0.09444444444444444
0 0.64765625 0.2111111111111111 0.0140625 0.05
0 0.63359375 0.2152777777777778 0.015625 0.05277777777777778
0 0.52734375 0.25555555555555554 0.021875 0.06666666666666667
0 0.60859375 0.25555555555555554 0.021875 0.075
