1 0.45703125 0.3194444444444444 0.05625 0.08333333333333333
1 0.3703125 0.35833333333333334 0.046875 0.08055555555555556
1 0.44765625 0.29444444444444445 0.05 0.06666666666666667
2 0.1671875 0.8625 0.2875 0.275
2 0.328125 0.2847222222222222 0.059375 0.09722222222222222
3 0.42734375 0.5375 0.1984375 0.42777777777777776
3 0.31171875 0.5527777777777778 0.1234375 0.25555555555555554
3 0.37109375 0.30277777777777776 0.053125 0.10555555555555556
0 0.8578125 0.3541666666666667 0.0453125 0.12222222222222222
0 0.8125 0.21944444444444444 0.0265625 0.075
