0 0.21640625 0.5458333333333333 0.0484375 0.13055555555555556
0 0.38671875 0.46944444444444444 0.040625 0.13333333333333333
0 0.71328125 0.4625 0.0546875 0.14444444444444443
0 0.7953125 0.49583333333333335 0.065625 0.1527777777777778
0 0.725 0.32916666666666666 0.0375 0.10833333333333334
0 0.6171875 0.2722222222222222 0.03125 0.10555555555555556
0 0.58671875 0.24444444444444444 0.034375 0.08333333333333333
0 0.62578125 0.20833333333333334 0.021875 0.06666666666666667
0 0.271875 0.475 0.046875 0.125
0 0.25 0.4125 0.03125 0.08055555555555556
2 0.40625 0.26805555555555555 0.1046875 0.19722222222222222
0 0.33359375 0.31666666666666665 0.0515625 0.09722222222222222
1 0.56875 0.3680555555555556 0.0828125 0.18888888888888888
1 0.53671875 0.2763888888888889 0.046875 0.08333333333333333
0 0.57265625 0.17916666666666667 0.025 0.07222222222222222
0 0.9421875 0.6430555555555556 0.115625 0.26944444444444443
0 0.73203125 0.25972222222222224 0.0421875 0.08055555555555556
0 0.90546875 0.2763888888888889 0.065625 0.11388888888888889
0 0.76796875 0.20277777777777778 0.0484375 0.05277777777777778
0 0.6078125 0.16527777777777777 0.0203125 0.05555555555555555
