3 0.5984375 0.36944444444444446 0.1296875 0.3416666666666667
1 0.678125 0.40555555555555556 0.06875 0.11388888888888889
0 0.828125 0.7444444444444445 0.0578125 0.2222222222222222
0 0.93125 0.7555555555555555 0.0765625 0.18611111111111112
0 0.765625 0.4222222222222222 0.03125 0.08611111111111111
0 0.734375 0.37222222222222223 0.025 0.09444444444444444
0 0.678125 0.3138888888888889 0.025 0.07222222222222222
0 0.0828125 0.4 0.04375 0.07777777777777778
0 0.9296875 0.5888888888888889 0.0640625 0.1388888888888889
0 0.459375 0.28055555555555556 0.03125 0.08611111111111111
0 0.6953125 0.30833333333333335 0.01875 0.06944444444444445
