0 0.8640625 0.4166666666666667 0.028125 0.09444444444444444
1 0.35703125 0.8694444444444445 0.1609375 0.24722222222222223
1 0.38515625 0.3013888888888889 0.0484375 0.06388888888888888
1 0.4578125 0.26944444444444443 0.0546875 0.06111111111111111
2 0.228125 0.6555555555555556 0.2109375 0.36944444444444446
2 0.34453125 0.22916666666666666 0.05625 0.08333333333333333
3 0.4515625 0.4305555555555556 0.11875 0.2722222222222222
3 0.35703125 0.4388888888888889 0.109375 0.21944444444444444
0 0.80390625 0.31527777777777777 0.0203125 0.058333333333333334
0 0.83203125 0.3013888888888889 0.015625 0.06666666666666667
0 0.865625 0.28888888888888886 0.0203125 0.058333333333333334
