0 0.04375 0.7611111111111111 0.0546875 0.1638888888888889
0 0.0828125 0.5944444444444444 0.04375 0.11388888888888889
1 0.665625 0.8708333333333333 0.1796875 0.2111111111111111
1 0.625 0.3819444444444444 0.0796875 0.13333333333333333
1 0.5296875 0.38333333333333336 0.0640625 0.11388888888888889
1 0.575 0.29583333333333334 0.05 0.08333333333333333
1 0.56640625 0.24166666666666667 0.0484375 0.06666666666666667
2 0.846875 0.6875 0.2984375 0.4888888888888889
2 0.64453125 0.18055555555555555 0.0609375 0.08055555555555556
0 0.15703125 0.4666666666666667 0.0421875 0.11388888888888889
1 0.51015625 0.2972222222222222 0.04375 0.075
