1 0.440625 0.6541666666666667 0.140625 0.2638888888888889
1 0.275 0.7388888888888889 0.184375 0.2916666666666667
1 0.453125 0.48194444444444445 0.0859375 0.15
1 0.43828125 0.24444444444444444 0.059375 0.07222222222222222
1 0.46171875 0.30972222222222223 0.05625 0.09444444444444444
1 0.3078125 0.2972222222222222 0.0484375 0.06666666666666667
2 0.35859375 0.3388888888888889 0.1015625 0.16111111111111112
3 0.34921875 0.46111111111111114 0.090625 0.19166666666666668
0 0.85390625 0.3125 0.05 0.12777777777777777
0 0.83671875 0.6208333333333333 0.075 0.18055555555555555
