2 0.4046875 0.5055555555555555 0.1453125 0.36944444444444446
0 0.8453125 0.6111111111111112 0.0546875 0.15555555555555556
0 0.6515625 0.5055555555555555 0.053125 0.12222222222222222
0 0.6875 0.46111111111111114 0.0328125 0.11666666666666667
0 0.6546875 0.3888888888888889 0.0328125 0.10277777777777777
0 0.6109375 0.40555555555555556 0.0296875 0.10277777777777777
0 0.7 0.3416666666666667 0.0265625 0.08055555555555556
0 0.7265625 0.33611111111111114 0.028125 0.06666666666666667
0 0.9171875 0.3972222222222222 0.0546875 0.08333333333333333
0 0.7921875 0.2861111111111111 0.034375 0.04722222222222222
0 0.6828125 0.2972222222222222 0.0265625 0.08888888888888889
0 0.6609375 0.3 0.015625 0.08611111111111111
0 0.596875 0.3111111111111111 0.040625 0.075
0 0.628125 0.2777777777777778 0.0140625 0.058333333333333334
0 0.5625 0.28888888888888886 0.021875 0.09166666666666666
0 0.334375 0.2361111111111111 0.021875 0.07222222222222222
0 0.3765625 0.225 0.0296875 0.06944444444444445
1 0.378125 0.2972222222222222 0.05 0.07222222222222222
1 0.459375 0.29444444444444445 0.0453125 0.09166666666666666
1 0.471875 0.23333333333333334 0.0515625 0.07222222222222222
0 0.8453125 0.7388888888888889 0.0375 0.1388888888888889
0 0.7171875 0.40555555555555556 0.028125 0.1111111111111111
0 0.6 0.30277777777777776 0.0234375 0.08055555555555556
0 0.6109375 0.2111111111111111 0.0140625 0.06111111111111111
0 0.63125 0.20277777777777778 0.0125 0.05277777777777778
0 0.5828125 0.2 0.015625 0.058333333333333334
0 0.6484375 0.21666666666666667 0.0203125 0.058333333333333334
0 0.4375 0.24166666666666667 0.0171875 0.058333333333333334
0 0.421875 0.2361111111111111 0.0140625 0.05555555555555555
