0 0.57734375 0.4986111111111111 0.04375 0.15
0 0.903125 0.5486111111111112 0.06875 0.16666666666666666
0 0.2875 0.5833333333333334 0.0484375 0.1388888888888889
0 0.22265625 0.5694444444444444 0.0359375 0.08333333333333333
0 0.31484375 0.4222222222222222 0.046875 0.10555555555555556
0 0.36640625 0.4013888888888889 0.0359375 0.1
0 0.403125 0.35833333333333334 0.040625 0.10833333333333334
1 0.40234375 0.5722222222222222 0.096875 0.24444444444444444
0 0.071875 0.5333333333333333 0.0796875 0.09444444444444444
0 0.3453125 0.3347222222222222 0.025 0.08333333333333333
