3 0.4171875 0.40555555555555556 0.09375 0.25833333333333336
0 0.2953125 0.55 0.0359375 0.10555555555555556
0 0.3375 0.4166666666666667 0.0265625 0.11388888888888889
0 0.3078125 0.3138888888888889 0.0234375 0.075
0 0.3609375 0.3416666666666667 0.025 0.08888888888888889
0 0.2046875 0.55 0.05 0.175
0 0.25625 0.39166666666666666 0.0296875 0.08611111111111111
0 0.278125 0.4527777777777778 0.0328125 0.12222222222222222
0 0.6890625 0.6888888888888889 0.046875 0.15555555555555556
0 0.328125 0.2722222222222222 0.0171875 0.06388888888888888
0 0.359375 0.28055555555555556 0.0171875 0.05277777777777778
0 0.1390625 0.55 0.05 0.15555555555555556
0 0.6 0.2111111111111111 0.0171875 0.05555555555555555
