0 0.26015625 0.4777777777777778 0.05 0.11666666666666667
0 0.09765625 0.7513888888888889 0.065625 0.17222222222222222
0 0.07421875 0.4388888888888889 0.06875 0.06388888888888888
1 0.54921875 0.3625 0.059375 0.10277777777777777
0 0.67109375 0.40555555555555556 0.0421875 0.10555555555555556
0 0.70078125 0.35 0.04375 0.09444444444444444
0 0.84609375 0.5708333333333333 0.04375 0.15
0 0.38828125 0.33194444444444443 0.0296875 0.09444444444444444
0 0.35390625 0.32222222222222224 0.0234375 0.08888888888888889
1 0.43515625 0.31666666666666665 0.0640625 0.11666666666666667
0 0.375 0.23055555555555557 0.0234375 0.07777777777777778
