0 0.31171875 0.5541666666666667 0.053125 0.12777777777777777
0 0.2453125 0.4875 0.0421875 0.1
0 0.25625 0.6597222222222222 0.071875 0.15833333333333333
0 0.33984375 0.7875 0.0625 0.16111111111111112
0 0.5703125 0.3888888888888889 0.0375 0.09166666666666666
0 0.55859375 0.18472222222222223 0.0265625 0.05277777777777778
0 0.19375 0.4027777777777778 0.0578125 0.07222222222222222
0 0.07890625 0.5819444444444445 0.0828125 0.10555555555555556
0 0.40546875 0.3055555555555556 0.028125 0.08888888888888889
0 0.14609375 0.8847222222222222 0.071875 0.18055555555555555
