0 0.9234375 0.42916666666666664 0.0640625 0.08055555555555556
0 0.79609375 0.29305555555555557 0.059375 0.05
0 0.69140625 0.29444444444444445 0.03125 0.09722222222222222
0 0.62421875 0.31805555555555554 0.0265625 0.08611111111111111
1 0.44609375 0.2916666666666667 0.0640625 0.10833333333333334
0 0.303125 0.31527777777777777 0.021875 0.09166666666666666
0 0.34140625 0.29583333333333334 0.0140625 0.07222222222222222
0 0.3171875 0.2722222222222222 0.025 0.058333333333333334
0 0.35 0.2513888888888889 0.0171875 0.09166666666666666
0 0.3921875 0.2652777777777778 0.021875 0.09166666666666666
0 0.3703125 0.25833333333333336 0.025 0.075
0 0.61640625 0.22361111111111112 0.01875 0.06944444444444445
0 0.540625 0.2638888888888889 0.0265625 0.075
