0 0.55859375 0.38472222222222224 0.034375 0.09444444444444444
1 0.440625 0.6125 0.1359375 0.25
1 0.38671875 0.3958333333333333 0.059375 0.10277777777777777
1 0.2703125 0.8361111111111111 0.240625 0.3277777777777778
1 0.35390625 0.5597222222222222 0.0984375 0.16111111111111112
1 0.4609375 0.32222222222222224 0.0515625 0.08611111111111111
1 0.46796875 0.39861111111111114 0.0703125 0.125
1 0.3640625 0.3277777777777778 0.0453125 0.06666666666666667
1 0.31953125 0.32083333333333336 0.046875 0.06944444444444445
1 0.66015625 0.37777777777777777 0.08125 0.1527777777777778
1 0.4046875 0.2847222222222222 0.0421875 0.06111111111111111
1 0.634375 0.2625 0.053125 0.08055555555555556
3 0.390625 0.24027777777777778 0.1109375 0.12222222222222222
