1 0.38125 0.5888888888888889 0.125 0.26944444444444443
1 0.625 0.8027777777777778 0.159375 0.30833333333333335
1 0.5890625 0.5166666666666667 0.121875 0.20833333333333334
1 0.71875 0.4722222222222222 0.1203125 0.16666666666666666
3 0.571875 0.35 0.0796875 0.15555555555555556
1 0.665625 0.3527777777777778 0.075 0.11388888888888889
0 0.7234375 0.35555555555555557 0.01875 0.09166666666666666
0 0.74375 0.375 0.025 0.10833333333333334
0 0.615625 0.22777777777777777 0.025 0.044444444444444446
0 0.6515625 0.2722222222222222 0.025 0.06388888888888888
0 0.6921875 0.3 0.03125 0.07777777777777778
0 0.0734375 0.4083333333333333 0.0515625 0.041666666666666664
0 0.209375 0.28888888888888886 0.0515625 0.05555555555555555
