0 0.359375 0.575 0.053125 0.14444444444444443
0 0.27890625 0.6472222222222223 0.059375 0.14166666666666666
0 0.18515625 0.7208333333333333 0.065625 0.14166666666666666
0 0.2375 0.5791666666666667 0.0484375 0.1361111111111111
0 0.2796875 0.4708333333333333 0.05 0.08888888888888889
0 0.2875 0.40555555555555556 0.0390625 0.08611111111111111
0 0.30390625 0.3611111111111111 0.0203125 0.06111111111111111
0 0.325 0.37777777777777777 0.021875 0.06388888888888888
0 0.36015625 0.3972222222222222 0.03125 0.075
0 0.61328125 0.24861111111111112 0.0328125 0.06666666666666667
0 0.63671875 0.20416666666666666 0.0234375 0.06388888888888888
0 0.07421875 0.5666666666666667 0.0671875 0.08611111111111111
0 0.17578125 0.6361111111111111 0.0453125 0.1111111111111111
3 0.421875 0.26944444444444443 0.0625 0.15
0 0.37109375 0.325 0.0265625 0.06666666666666667
0 0.33671875 0.33055555555555555 0.021875 0.06111111111111111
0 0.315625 0.325 0.01875 0.04722222222222222
