0 0.8140625 0.5611111111111111 0.053125 0.15555555555555556
0 0.7609375 0.4527777777777778 0.0328125 0.11388888888888889
0 0.709375 0.3972222222222222 0.0375 0.09444444444444444
0 0.7375 0.3388888888888889 0.0265625 0.06944444444444445
0 0.6984375 0.32222222222222224 0.025 0.06944444444444445
0 0.6359375 0.30833333333333335 0.0140625 0.06111111111111111
0 0.6640625 0.30833333333333335 0.021875 0.07777777777777778
0 0.615625 0.2777777777777778 0.0171875 0.044444444444444446
0 0.5953125 0.275 0.01875 0.058333333333333334
1 0.553125 0.2777777777777778 0.0609375 0.11666666666666667
0 0.2109375 0.4305555555555556 0.0234375 0.075
0 0.36875 0.225 0.0375 0.08055555555555556
0 0.08125 0.3972222222222222 0.065625 0.06388888888888888
0 0.2046875 0.2861111111111111 0.04375 0.03611111111111111
0 0.68125 0.30277777777777776 0.0171875 0.08888888888888889
