0 0.303125 0.5833333333333334 0.0453125 0.11388888888888889
0 0.3125 0.44166666666666665 0.0359375 0.12777777777777777
0 0.1875 0.5027777777777778 0.0453125 0.1111111111111111
0 0.3546875 0.3 0.025 0.08888888888888889
0 0.375 0.25555555555555554 0.0234375 0.07777777777777778
1 0.6125 0.49444444444444446 0.0984375 0.1638888888888889
0 0.753125 0.5888888888888889 0.053125 0.14444444444444443
0 0.890625 0.7166666666666667 0.04375 0.16666666666666666
0 0.6578125 0.28055555555555556 0.0203125 0.06944444444444445
0 0.6984375 0.2833333333333333 0.021875 0.075
0 0.140625 0.8833333333333333 0.078125 0.23055555555555557
0 0.35 0.25833333333333336 0.015625 0.041666666666666664
