0 0.325 0.38055555555555554 0.0328125 0.10833333333333334
0 0.27578125 0.5736111111111111 0.05 0.14444444444444443
0 0.16640625 0.5138888888888888 0.053125 0.10833333333333334
0 0.08203125 0.3527777777777778 0.046875 0.06944444444444445
1 0.65546875 0.7541666666666667 0.209375 0.3972222222222222
1 0.38984375 0.4597222222222222 0.0953125 0.20833333333333334
0 0.70546875 0.42777777777777776 0.0359375 0.09722222222222222
0 0.68359375 0.325 0.034375 0.08611111111111111
0 0.38515625 0.26666666666666666 0.025 0.08055555555555556
0 0.34453125 0.24583333333333332 0.0171875 0.05555555555555555
0 0.36171875 0.24583333333333332 0.0203125 0.05555555555555555
0 0.4140625 0.2361111111111111 0.021875 0.05555555555555555
0 0.4171875 0.18055555555555555 0.0203125 0.06111111111111111
