0 0.9265625 0.5375 0.0671875 0.09722222222222222
0 0.7390625 0.5208333333333334 0.0359375 0.1
0 0.67890625 0.45416666666666666 0.04375 0.10555555555555556
0 0.73203125 0.4027777777777778 0.0296875 0.08888888888888889
0 0.70859375 0.6666666666666666 0.0546875 0.16666666666666666
0 0.8359375 0.7611111111111111 0.0875 0.2388888888888889
0 0.4078125 0.18055555555555555 0.01875 0.05
0 0.23828125 0.3111111111111111 0.0390625 0.10555555555555556
0 0.90625 0.9402777777777778 0.103125 0.11944444444444445
0 0.69921875 0.3597222222222222 0.025 0.075
0 0.65078125 0.25972222222222224 0.01875 0.058333333333333334
0 0.6265625 0.24583333333333332 0.015625 0.058333333333333334
