1 0.38125 0.5472222222222223 0.1203125 0.24444444444444444
0 0.2375 0.6111111111111112 0.05625 0.17777777777777778
0 0.18125 0.5777777777777777 0.0375 0.11666666666666667
0 0.325 0.4 0.028125 0.075
0 0.3015625 0.33055555555555555 0.01875 0.08333333333333333
0 0.3296875 0.3388888888888889 0.0171875 0.05277777777777778
0 0.3375 0.25 0.03125 0.08055555555555556
0 0.4109375 0.25555555555555554 0.0203125 0.06666666666666667
0 0.5640625 0.2722222222222222 0.0171875 0.04722222222222222
0 0.171875 0.49444444444444446 0.034375 0.10555555555555556
0 0.3125 0.2916666666666667 0.015625 0.044444444444444446
