0 0.690625 0.35 0.03125 0.09166666666666666
0 0.5671875 0.19444444444444445 0.0171875 0.04722222222222222
0 0.546875 0.3055555555555556 0.01875 0.05
0 0.49375 0.25555555555555554 0.04375 0.06388888888888888
0 0.36875 0.2833333333333333 0.0265625 0.06666666666666667
1 0.415625 0.36666666666666664 0.0703125 0.1388888888888889
0 0.08125 0.40555555555555556 0.059375 0.06388888888888888
0 0.571875 0.29444444444444445 0.01875 0.058333333333333334
0 0.571875 0.24444444444444444 0.0203125 0.05555555555555555
0 0.521875 0.2111111111111111 0.0171875 0.05277777777777778
