1 0.60625 0.4527777777777778 0.0796875 0.18055555555555555
0 0.69375 0.4513888888888889 0.05625 0.10833333333333334
0 0.68984375 0.5236111111111111 0.0421875 0.12222222222222222
0 0.75625 0.5125 0.040625 0.10277777777777777
0 0.8515625 0.5013888888888889 0.0546875 0.10555555555555556
0 0.80234375 0.7902777777777777 0.0953125 0.1388888888888889
0 0.90078125 0.8388888888888889 0.0703125 0.15
0 0.92734375 0.45555555555555555 0.059375 0.08333333333333333
0 0.796875 0.32916666666666666 0.06875 0.08055555555555556
0 0.6453125 0.28888888888888886 0.021875 0.08055555555555556
0 0.80703125 0.5638888888888889 0.0328125 0.10555555555555556
0 0.4484375 0.2722222222222222 0.0234375 0.08055555555555556
