0 0.84609375 0.4708333333333333 0.06875 0.175
0 0.7203125 0.36527777777777776 0.0359375 0.09722222222222222
0 0.65859375 0.37222222222222223 0.0390625 0.11666666666666667
0 0.6828125 0.26666666666666666 0.0328125 0.075
0 0.7296875 0.25972222222222224 0.03125 0.05277777777777778
0 0.75234375 0.35138888888888886 0.0421875 0.125
0 0.84765625 0.25277777777777777 0.0390625 0.08611111111111111
0 0.90234375 0.24583333333333332 0.0609375 0.09166666666666666
0 0.33125 0.3333333333333333 0.0359375 0.07777777777777778
0 0.31484375 0.3138888888888889 0.03125 0.08333333333333333
0 0.95 0.6763888888888889 0.1 0.30277777777777776
