0 0.821875 0.5625 0.04375 0.11944444444444445
0 0.92890625 0.7361111111111112 0.0640625 0.16666666666666666
0 0.18125 0.20555555555555555 0.025 0.06666666666666667
1 0.565625 0.5597222222222222 0.1203125 0.23333333333333334
1 0.5703125 0.26666666666666666 0.0515625 0.06111111111111111
1 0.5578125 0.23472222222222222 0.0515625 0.05555555555555555
1 0.534375 0.34444444444444444 0.059375 0.10555555555555556
2 0.671875 0.5208333333333334 0.1421875 0.26666666666666666
2 0.62109375 0.36944444444444446 0.071875 0.13333333333333333
3 0.65390625 0.2388888888888889 0.078125 0.09722222222222222
