0 0.8734375 0.5986111111111111 0.0578125 0.15555555555555556
2 0.578125 0.3597222222222222 0.1140625 0.2722222222222222
0 0.3328125 0.33055555555555555 0.0296875 0.09722222222222222
0 0.3578125 0.3472222222222222 0.0234375 0.06388888888888888
0 0.42890625 0.2902777777777778 0.015625 0.06111111111111111
0 0.2640625 0.31805555555555554 0.028125 0.08333333333333333
0 0.28203125 0.3638888888888889 0.0296875 0.08888888888888889
0 0.07890625 0.36527777777777776 0.0671875 0.08888888888888889
0 0.359375 0.24722222222222223 0.015625 0.06111111111111111
0 0.39375 0.2569444444444444 0.01875 0.06666666666666667
0 0.35703125 0.2833333333333333 0.01875 0.058333333333333334
3 0.20859375 0.6763888888888889 0.4171875 0.6305555555555555
0 0.66015625 0.2375 0.0203125 0.06666666666666667
0 0.60703125 0.22361111111111112 0.0203125 0.06388888888888888
0 0.41484375 0.20833333333333334 0.01875 0.05277777777777778
0 0.4078125 0.2722222222222222 0.015625 0.06111111111111111
