0 0.8953125 0.6194444444444445 0.046875 0.1638888888888889
0 0.725 0.35 0.028125 0.10277777777777777
0 0.609375 0.2722222222222222 0.025 0.06666666666666667
1 0.5546875 0.2861111111111111 0.0578125 0.10555555555555556
0 0.3046875 0.33055555555555555 0.0265625 0.1
0 0.078125 0.4 0.0703125 0.06388888888888888
0 0.209375 0.28888888888888886 0.0421875 0.04722222222222222
0 0.39375 0.20833333333333334 0.0328125 0.06388888888888888
0 0.6390625 0.2833333333333333 0.0296875 0.08611111111111111
0 0.65625 0.2777777777777778 0.0234375 0.06111111111111111
0 0.684375 0.2722222222222222 0.0234375 0.07222222222222222
0 0.671875 0.31666666666666665 0.015625 0.06944444444444445
0 0.5875 0.26666666666666666 0.021875 0.06388888888888888
