0 0.159375 0.6111111111111112 0.0546875 0.14444444444444443
0 0.26875 0.42777777777777776 0.0453125 0.13055555555555556
0 0.3265625 0.39444444444444443 0.0265625 0.11388888888888889
0 0.384375 0.3 0.025 0.09166666666666666
0 0.3546875 0.3 0.0203125 0.06666666666666667
0 0.078125 0.4 0.0625 0.07222222222222222
0 0.203125 0.2833333333333333 0.05 0.05555555555555555
0 0.5953125 0.3416666666666667 0.0296875 0.08888888888888889
0 0.21875 0.4 0.034375 0.10555555555555556
1 0.428125 0.3111111111111111 0.05625 0.11388888888888889
0 0.153125 0.7527777777777778 0.0375 0.15
0 0.296875 0.3277777777777778 0.0171875 0.07777777777777778
0 0.31875 0.32222222222222224 0.0171875 0.06666666666666667
0 0.371875 0.2 0.0140625 0.05
