2 0.72109375 0.37777777777777777 0.15625 0.2638888888888889
2 0.3484375 0.4986111111111111 0.1484375 0.31666666666666665
0 0.2078125 0.6597222222222222 0.0515625 0.1638888888888889
0 0.10859375 0.6708333333333333 0.0859375 0.17777777777777778
0 0.07890625 0.37916666666666665 0.0578125 0.07777777777777778
0 0.27578125 0.3055555555555556 0.01875 0.06944444444444445
0 0.3 0.31527777777777777 0.0265625 0.09166666666666666
0 0.309375 0.35138888888888886 0.0296875 0.07222222222222222
0 0.35078125 0.3013888888888889 0.0375 0.1
0 0.3953125 0.2708333333333333 0.01875 0.075
0 0.4359375 0.2763888888888889 0.0234375 0.08888888888888889
0 0.1265625 0.8708333333333333 0.090625 0.2
0 0.384375 0.24861111111111112 0.015625 0.058333333333333334
0 0.35859375 0.225 0.01875 0.058333333333333334
0 0.53125 0.33194444444444443 0.0328125 0.09722222222222222
0 0.62734375 0.20833333333333334 0.01875 0.058333333333333334
1 0.57890625 0.20416666666666666 0.0390625 0.058333333333333334
0 0.4140625 0.2388888888888889 0.0140625 0.05277777777777778
