0 0.36484375 0.25277777777777777 0.0203125 0.06388888888888888
0 0.34765625 0.23194444444444445 0.0265625 0.075
0 0.74140625 0.48194444444444445 0.046875 0.1111111111111111
0 0.75703125 0.5638888888888889 0.040625 0.13055555555555556
0 0.7859375 0.45416666666666666 0.0375 0.11666666666666667
0 0.70703125 0.39166666666666666 0.034375 0.10277777777777777
0 0.6765625 0.37916666666666665 0.0265625 0.08055555555555556
0 0.65 0.33611111111111114 0.0421875 0.075
0 0.91875 0.5125 0.0609375 0.09722222222222222
0 0.8140625 0.35694444444444445 0.0296875 0.05
0 0.4171875 0.1875 0.0203125 0.06111111111111111
0 0.3953125 0.1875 0.0171875 0.058333333333333334
0 0.38046875 0.2152777777777778 0.021875 0.05555555555555555
0 0.69453125 0.33055555555555555 0.0265625 0.07777777777777778
0 0.8875 0.44583333333333336 0.0359375 0.09166666666666666
