1 0.63671875 0.7805555555555556 0.1578125 0.30277777777777776
1 0.5859375 0.5055555555555555 0.0953125 0.18611111111111112
3 0.565625 0.3486111111111111 0.0859375 0.15833333333333333
0 0.80625 0.5027777777777778 0.0421875 0.14722222222222223
1 0.69921875 0.4375 0.1125 0.19166666666666668
0 0.7078125 0.3263888888888889 0.0375 0.10277777777777777
0 0.74375 0.34305555555555556 0.021875 0.11388888888888889
1 0.63828125 0.29444444444444445 0.065625 0.12222222222222222
0 0.6703125 0.25 0.015625 0.06944444444444445
0 0.63515625 0.2361111111111111 0.0234375 0.05555555555555555
0 0.3796875 0.26805555555555555 0.03125 0.07777777777777778
0 0.0734375 0.4263888888888889 0.0609375 0.08333333333333333
0 0.20234375 0.30694444444444446 0.0453125 0.06111111111111111
