1 0.59453125 0.2763888888888889 0.059375 0.08055555555555556
1 0.540625 0.25277777777777777 0.0453125 0.06666666666666667
0 0.7234375 0.4388888888888889 0.0390625 0.13055555555555556
3 0.7203125 0.7263888888888889 0.2359375 0.5166666666666667
1 0.4234375 0.37916666666666665 0.08125 0.14166666666666666
0 0.36015625 0.3638888888888889 0.0296875 0.09166666666666666
0 0.31875 0.48055555555555557 0.028125 0.09444444444444444
0 0.28984375 0.42083333333333334 0.025 0.08055555555555556
0 0.3078125 0.38472222222222224 0.0234375 0.06666666666666667
0 0.2578125 0.3902777777777778 0.0296875 0.07777777777777778
0 0.1 0.7666666666666667 0.065625 0.15555555555555556
0 0.18515625 0.8180555555555555 0.0671875 0.19444444444444445
0 0.07734375 0.4583333333333333 0.059375 0.075
0 0.1875 0.5166666666666667 0.040625 0.12222222222222222
0 0.40625 0.2611111111111111 0.0234375 0.06944444444444445
0 0.378125 0.25833333333333336 0.03125 0.08055555555555556
0 0.459375 0.25972222222222224 0.0015625 0.002777777777777778
0 0.20625 0.44722222222222224 0.0359375 0.1
