1 0.66328125 0.4444444444444444 0.1046875 0.17777777777777778
1 0.5515625 0.45416666666666666 0.0828125 0.1527777777777778
1 0.5734375 0.3125 0.0578125 0.10277777777777777
1 0.54921875 0.25416666666666665 0.05 0.07222222222222222
1 0.50078125 0.3194444444444444 0.059375 0.08888888888888889
2 0.88203125 0.6777777777777778 0.2359375 0.4
2 0.6046875 0.19027777777777777 0.053125 0.075
0 0.15703125 0.5208333333333334 0.0390625 0.1111111111111111
0 0.1953125 0.5208333333333334 0.0421875 0.10833333333333334
0 0.67109375 0.20416666666666666 0.021875 0.05555555555555555
