1 0.54921875 0.2861111111111111 0.0703125 0.12777777777777777
0 0.5046875 0.27361111111111114 0.01875 0.06944444444444445
0 0.465625 0.2763888888888889 0.034375 0.06666666666666667
0 0.28828125 0.37916666666666665 0.0265625 0.09166666666666666
0 0.0734375 0.4638888888888889 0.05625 0.08888888888888889
0 0.2 0.3375 0.0609375 0.06944444444444445
0 0.9140625 0.5916666666666667 0.075 0.16666666666666666
0 0.68359375 0.2847222222222222 0.025 0.06666666666666667
0 0.65078125 0.28194444444444444 0.0203125 0.06666666666666667
0 0.6328125 0.29583333333333334 0.0265625 0.05555555555555555
0 0.6 0.2638888888888889 0.0203125 0.05555555555555555
0 0.62265625 0.25277777777777777 0.025 0.044444444444444446
0 0.58359375 0.25833333333333336 0.0234375 0.05277777777777778
0 0.30078125 0.33611111111111114 0.028125 0.075
