0 0.87421875 0.5402777777777777 0.0671875 0.1638888888888889
0 0.2046875 0.6708333333333333 0.04375 0.15555555555555556
0 0.16796875 0.5361111111111111 0.0484375 0.10833333333333334
0 0.2359375 0.5194444444444445 0.053125 0.1388888888888889
0 0.07578125 0.4638888888888889 0.075 0.08333333333333333
0 0.2015625 0.3194444444444444 0.0484375 0.041666666666666664
0 0.28984375 0.3277777777777778 0.0234375 0.09722222222222222
1 0.41015625 0.3611111111111111 0.0609375 0.12222222222222222
0 0.35625 0.35694444444444445 0.0359375 0.10555555555555556
0 0.67734375 0.26666666666666666 0.0328125 0.08055555555555556
0 0.53671875 0.275 0.028125 0.075
0 0.5734375 0.2902777777777778 0.0234375 0.06944444444444445
0 0.6125 0.2638888888888889 0.034375 0.07222222222222222
3 0.43984375 0.24583333333333332 0.0765625 0.1361111111111111
0 0.32734375 0.2513888888888889 0.0203125 0.058333333333333334
0 0.3515625 0.2625 0.01875 0.06388888888888888
0 0.3828125 0.23055555555555557 0.01875 0.06666666666666667
