0 0.07734375 0.49166666666666664 0.0578125 0.075
0 0.20078125 0.3611111111111111 0.0640625 0.075
1 0.5890625 0.5083333333333333 0.125 0.23333333333333334
1 0.6421875 0.7597222222222222 0.175 0.32222222222222224
1 0.7140625 0.43333333333333335 0.1375 0.21388888888888888
0 0.7328125 0.29305555555555557 0.0328125 0.11666666666666667
1 0.63359375 0.29444444444444445 0.071875 0.125
3 0.55546875 0.35 0.0921875 0.16944444444444445
0 0.63984375 0.24305555555555555 0.0296875 0.07222222222222222
0 0.54765625 0.23472222222222222 0.0375 0.06388888888888888
0 0.66875 0.25555555555555554 0.0234375 0.08055555555555556
0 0.8 0.39861111111111114 0.046875 0.10555555555555556
