0 0.575 0.3013888888888889 0.0328125 0.06944444444444445
1 0.37109375 0.8263888888888888 0.2046875 0.3472222222222222
1 0.32890625 0.5597222222222222 0.1171875 0.18055555555555555
1 0.2171875 0.8319444444444445 0.21875 0.33611111111111114
1 0.3875 0.38055555555555554 0.0640625 0.10833333333333334
1 0.43671875 0.49027777777777776 0.0765625 0.14166666666666666
1 0.4734375 0.34305555555555556 0.0609375 0.09722222222222222
1 0.39453125 0.3263888888888889 0.0453125 0.05555555555555555
2 0.25859375 0.24722222222222223 0.0640625 0.09166666666666666
2 0.371875 0.23055555555555557 0.084375 0.08611111111111111
3 0.35390625 0.2722222222222222 0.0703125 0.09722222222222222
