0 0.7171875 0.5416666666666666 0.0578125 0.16666666666666666
0 0.8671875 0.5930555555555556 0.0734375 0.2
0 0.80234375 0.5875 0.0609375 0.15555555555555556
0 0.9578125 0.5902777777777778 0.084375 0.17222222222222222
0 0.90859375 0.30694444444444446 0.0671875 0.08888888888888889
0 0.87890625 0.26666666666666666 0.034375 0.09166666666666666
1 0.5734375 0.41944444444444445 0.1 0.18333333333333332
1 0.4046875 0.36944444444444446 0.0625 0.10555555555555556
2 0.37578125 0.25555555555555554 0.090625 0.15555555555555556
1 0.3015625 0.9055555555555556 0.196875 0.18888888888888888
1 0.5421875 0.2861111111111111 0.0671875 0.11944444444444445
0 0.7 0.33611111111111114 0.03125 0.07777777777777778
0 0.74296875 0.41388888888888886 0.05 0.1388888888888889
0 0.7046875 0.40555555555555556 0.04375 0.10555555555555556
0 0.66171875 0.49583333333333335 0.053125 0.1111111111111111
0 0.646875 0.37222222222222223 0.0484375 0.12222222222222222
0 0.66640625 0.35138888888888886 0.0390625 0.11666666666666667
0 0.665625 0.2763888888888889 0.0265625 0.06111111111111111
0 0.62890625 0.24861111111111112 0.0234375 0.08333333333333333
0 0.6078125 0.2361111111111111 0.021875 0.07222222222222222
0 0.58984375 0.2569444444444444 0.0203125 0.06944444444444445
0 0.559375 0.2375 0.0171875 0.058333333333333334
0 0.6875 0.26944444444444443 0.0234375 0.06944444444444445
0 0.55859375 0.2263888888888889 0.0140625 0.058333333333333334
