3 0.6859375 0.2111111111111111 0.0546875 0.07777777777777778
1 0.5625 0.5694444444444444 0.090625 0.16111111111111112
1 0.659375 0.5194444444444445 0.1 0.12222222222222222
1 0.5390625 0.41388888888888886 0.05625 0.09444444444444444
1 0.5296875 0.325 0.0546875 0.08333333333333333
1 0.64375 0.8916666666666667 0.1640625 0.21388888888888888
1 0.5765625 0.2638888888888889 0.0484375 0.05
0 0.7765625 0.4361111111111111 0.0265625 0.09722222222222222
2 0.6203125 0.35 0.0796875 0.16944444444444445
2 0.8625 0.7611111111111111 0.271875 0.4777777777777778
