0 0.159375 0.4083333333333333 0.0234375 0.09166666666666666
1 0.6296875 0.4388888888888889 0.0765625 0.12222222222222222
1 0.5328125 0.23055555555555557 0.0609375 0.05
1 0.1734375 0.5333333333333333 0.078125 0.16111111111111112
1 0.5203125 0.35555555555555557 0.053125 0.1
1 0.6265625 0.24444444444444444 0.0375 0.04722222222222222
1 0.665625 0.25 0.0390625 0.05
1 0.61875 0.2777777777777778 0.0390625 0.044444444444444446
1 0.5171875 0.29444444444444445 0.05 0.06111111111111111
2 0.659375 0.8444444444444444 0.25625 0.3055555555555556
2 0.6125 0.33611111111111114 0.053125 0.1
0 0.70625 0.3 0.0203125 0.06111111111111111
