0 0.6 0.5166666666666667 0.03125 0.12222222222222222
0 0.3234375 0.3638888888888889 0.053125 0.13055555555555556
0 0.2859375 0.29583333333333334 0.040625 0.11666666666666667
0 0.08984375 0.30416666666666664 0.0640625 0.08611111111111111
0 0.3859375 0.2791666666666667 0.0296875 0.09722222222222222
0 0.34765625 0.2652777777777778 0.0375 0.08888888888888889
0 0.0671875 0.7833333333333333 0.134375 0.2722222222222222
0 0.396875 0.21388888888888888 0.025 0.06388888888888888
0 0.60703125 0.22361111111111112 0.025 0.06666666666666667
0 0.665625 0.29583333333333334 0.0296875 0.08055555555555556
0 0.6484375 0.24444444444444444 0.01875 0.05
