1 0.6421875 0.8666666666666667 0.1703125 0.25833333333333336
1 0.675 0.5333333333333333 0.0890625 0.14444444444444443
1 0.528125 0.425 0.078125 0.13333333333333333
1 0.603125 0.3111111111111111 0.0421875 0.06944444444444445
1 0.9375 0.6277777777777778 0.1078125 0.18055555555555555
1 0.603125 0.35 0.0421875 0.05555555555555555
1 0.603125 0.40555555555555556 0.05625 0.1
1 0.60625 0.2833333333333333 0.040625 0.05555555555555555
2 0.7703125 0.7 0.2203125 0.37777777777777777
2 0.603125 0.40555555555555556 0.05625 0.1
2 0.684375 0.23333333333333334 0.05 0.06388888888888888
3 0.58125 0.20277777777777778 0.1 0.10555555555555556
