0 0.15625 0.39305555555555555 0.021875 0.08055555555555556
1 0.56171875 0.5652777777777778 0.0984375 0.19444444444444445
1 0.6140625 0.38333333333333336 0.06875 0.11388888888888889
1 0.4625 0.23194444444444445 0.05625 0.058333333333333334
1 0.59609375 0.30972222222222223 0.059375 0.07777777777777778
1 0.52109375 0.325 0.05625 0.08055555555555556
1 0.5421875 0.28888888888888886 0.046875 0.07777777777777778
1 0.5421875 0.25 0.040625 0.05555555555555555
1 0.53515625 0.39305555555555555 0.071875 0.1388888888888889
1 0.64921875 0.23055555555555557 0.0421875 0.05
2 0.76875 0.6361111111111111 0.2109375 0.36666666666666664
