0 0.384375 0.34444444444444444 0.0375 0.09166666666666666
0 0.3203125 0.4222222222222222 0.0375 0.10833333333333334
0 0.2609375 0.5444444444444444 0.03125 0.13333333333333333
0 0.2125 0.4888888888888889 0.0609375 0.11944444444444445
0 0.184375 0.7166666666666667 0.046875 0.14722222222222223
0 0.08125 0.4027777777777778 0.046875 0.04722222222222222
0 0.7140625 0.3416666666666667 0.0265625 0.07777777777777778
0 0.6875 0.2833333333333333 0.021875 0.08055555555555556
2 0.540625 0.2111111111111111 0.0671875 0.13333333333333333
0 0.63125 0.21388888888888888 0.0140625 0.05
0 0.65625 0.23055555555555557 0.015625 0.05555555555555555
0 0.6171875 0.19444444444444445 0.025 0.05277777777777778
0 0.3515625 0.24444444444444444 0.0203125 0.08333333333333333
0 0.3921875 0.24722222222222223 0.021875 0.075
0 0.3125 0.35 0.0203125 0.06944444444444445
0 0.6359375 0.3 0.021875 0.07222222222222222
