1 0.6703125 0.7722222222222223 0.1421875 0.35
0 0.84296875 0.5402777777777777 0.0484375 0.16666666666666666
0 0.73515625 0.36666666666666664 0.0375 0.08888888888888889
0 0.69453125 0.36527777777777776 0.0375 0.10277777777777777
0 0.65234375 0.30833333333333335 0.0296875 0.08055555555555556
0 0.921875 0.4222222222222222 0.0640625 0.09444444444444444
0 0.8 0.30277777777777776 0.053125 0.08611111111111111
0 0.2375 0.39444444444444443 0.0453125 0.11944444444444445
0 0.4125 0.39444444444444443 0.0234375 0.08333333333333333
0 0.3234375 0.26666666666666666 0.021875 0.06111111111111111
3 0.5828125 0.2986111111111111 0.1078125 0.2916666666666667
0 0.375 0.22916666666666666 0.0234375 0.07777777777777778
0 0.3453125 0.22361111111111112 0.0234375 0.075
0 0.4828125 0.2263888888888889 0.01875 0.05555555555555555
0 0.6921875 0.30694444444444446 0.0234375 0.06666666666666667
0 0.65625 0.2388888888888889 0.01875 0.05555555555555555
0 0.68046875 0.2638888888888889 0.0203125 0.05555555555555555
