0 0.309375 0.4583333333333333 0.0515625 0.15
0 0.0796875 0.5569444444444445 0.059375 0.08888888888888889
0 0.2 0.39166666666666666 0.0578125 0.06944444444444445
3 0.5578125 0.3333333333333333 0.10625 0.19444444444444445
1 0.8171875 0.5486111111111112 0.1765625 0.275
1 0.68828125 0.8708333333333333 0.2125 0.20555555555555555
0 0.725 0.2722222222222222 0.046875 0.13333333333333333
0 0.6640625 0.2569444444444444 0.0359375 0.08611111111111111
0 0.62890625 0.23472222222222222 0.0359375 0.1
0 0.42734375 0.2569444444444444 0.0203125 0.06944444444444445
