0 0.371875 0.3388888888888889 0.040625 0.1
0 0.4671875 0.28194444444444444 0.0296875 0.06666666666666667
0 0.715625 0.38333333333333336 0.0234375 0.075
1 0.715625 0.7902777777777777 0.1671875 0.26666666666666666
1 0.61875 0.9222222222222223 0.221875 0.15555555555555556
1 0.63671875 0.4708333333333333 0.0890625 0.15
1 0.584375 0.6652777777777777 0.1421875 0.2611111111111111
1 0.5359375 0.39444444444444443 0.075 0.13333333333333333
1 0.61953125 0.39444444444444443 0.059375 0.09444444444444444
1 0.55625 0.3402777777777778 0.0546875 0.08888888888888889
2 0.72734375 0.30277777777777776 0.10625 0.13333333333333333
2 0.61953125 0.2722222222222222 0.090625 0.11388888888888889
3 0.63828125 0.3263888888888889 0.0609375 0.11388888888888889
