1 0.39765625 0.5986111111111111 0.1140625 0.2361111111111111
0 0.2984375 0.42083333333333334 0.0890625 0.125
3 0.434375 0.3486111111111111 0.0828125 0.15833333333333333
0 0.35 0.2708333333333333 0.0140625 0.058333333333333334
0 0.31953125 0.29444444444444445 0.028125 0.08888888888888889
0 0.684375 0.3611111111111111 0.028125 0.1
1 0.5765625 0.27361111111111114 0.0484375 0.09166666666666666
0 0.9171875 0.43472222222222223 0.0703125 0.08055555555555556
0 0.79609375 0.30416666666666664 0.0265625 0.03333333333333333
1 0.0859375 0.8819444444444444 0.171875 0.175
0 0.259375 0.32916666666666666 0.0296875 0.09722222222222222
0 0.2921875 0.33194444444444443 0.0296875 0.06111111111111111
