1 0.39609375 0.875 0.1921875 0.25
1 0.33125 0.5875 0.1015625 0.16944444444444445
1 0.46484375 0.43472222222222223 0.090625 0.15555555555555556
1 0.3796875 0.3458333333333333 0.0484375 0.08055555555555556
1 0.08125 0.7611111111111111 0.1234375 0.2111111111111111
1 0.38359375 0.38472222222222224 0.046875 0.06666666666666667
1 0.3890625 0.4388888888888889 0.065625 0.11666666666666667
1 0.37421875 0.3194444444444444 0.0453125 0.06666666666666667
2 0.253125 0.7805555555555556 0.253125 0.4388888888888889
2 0.3890625 0.4388888888888889 0.065625 0.11666666666666667
2 0.2921875 0.29444444444444445 0.05625 0.07777777777777778
3 0.390625 0.23194444444444445 0.109375 0.1361111111111111
