0 0.83671875 0.4222222222222222 0.03125 0.09722222222222222
0 0.2515625 0.35833333333333334 0.034375 0.09166666666666666
1 0.39609375 0.26666666666666666 0.04375 0.058333333333333334
1 0.1140625 0.525 0.1421875 0.18055555555555555
1 0.34921875 0.2361111111111111 0.0375 0.058333333333333334
1 0.4640625 0.28888888888888886 0.05 0.06944444444444445
1 0.40078125 0.23194444444444445 0.0390625 0.04722222222222222
1 0.40234375 0.3125 0.0375 0.06111111111111111
2 0.36875 0.5722222222222222 0.2359375 0.5472222222222223
3 0.346875 0.18055555555555555 0.078125 0.07222222222222222
