3 0.3515625 0.4444444444444444 0.1171875 0.225
2 0.234375 0.7638888888888888 0.23125 0.3861111111111111
0 0.82109375 0.2361111111111111 0.0265625 0.08055555555555556
0 0.6953125 0.1375 0.021875 0.030555555555555555
0 0.6515625 0.15694444444444444 0.028125 0.04722222222222222
0 0.55390625 0.1986111111111111 0.028125 0.044444444444444446
0 0.51171875 0.21388888888888888 0.0234375 0.04722222222222222
0 0.41171875 0.24861111111111112 0.025 0.041666666666666664
0 0.39375 0.2569444444444444 0.028125 0.05
2 0.2734375 0.2972222222222222 0.0421875 0.058333333333333334
3 0.3734375 0.33055555555555555 0.0671875 0.12777777777777777
0 0.18984375 0.5694444444444444 0.0390625 0.09166666666666666
