0 0.96875 0.4666666666666667 0.0625 0.16666666666666666
1 0.66328125 0.8166666666666667 0.1984375 0.3055555555555556
1 0.571875 0.5347222222222222 0.1140625 0.21388888888888888
1 0.309375 0.2722222222222222 0.0609375 0.06944444444444445
1 0.51953125 0.37222222222222223 0.06875 0.125
1 0.58984375 0.2708333333333333 0.053125 0.08888888888888889
2 0.7578125 0.4847222222222222 0.2546875 0.46944444444444444
2 0.59765625 0.2 0.0734375 0.09722222222222222
3 0.2046875 0.85 0.359375 0.3
1 0.49921875 0.30277777777777776 0.05 0.08611111111111111
