0 0.3234375 0.35694444444444445 0.0296875 0.075
0 0.346875 0.30277777777777776 0.028125 0.05555555555555555
0 0.728125 0.5916666666666667 0.0453125 0.16944444444444445
0 0.75 0.4986111111111111 0.0578125 0.16111111111111112
0 0.85625 0.6013888888888889 0.040625 0.13333333333333333
0 0.82734375 0.6486111111111111 0.0671875 0.20555555555555555
0 0.9015625 0.5652777777777778 0.05625 0.14722222222222223
0 0.63984375 0.36527777777777776 0.034375 0.09166666666666666
0 0.65703125 0.2916666666666667 0.028125 0.075
0 0.61484375 0.26944444444444443 0.025 0.07777777777777778
0 0.64453125 0.23333333333333334 0.01875 0.05
2 0.40625 0.22083333333333333 0.053125 0.08888888888888889
0 0.596875 0.21944444444444444 0.0171875 0.044444444444444446
0 0.6140625 0.20277777777777778 0.0140625 0.044444444444444446
