0 0.64375 0.45555555555555555 0.028125 0.13333333333333333
0 0.365625 0.46111111111111114 0.0265625 0.15833333333333333
0 0.075 0.7472222222222222 0.0765625 0.21388888888888888
0 0.1296875 0.5388888888888889 0.0625 0.11388888888888889
0 0.0765625 0.4 0.06875 0.08888888888888889
0 0.2078125 0.275 0.053125 0.03611111111111111
0 0.2734375 0.4111111111111111 0.028125 0.09722222222222222
0 0.3078125 0.4166666666666667 0.034375 0.125
0 0.2578125 0.3416666666666667 0.034375 0.06944444444444445
0 0.3234375 0.32222222222222224 0.0296875 0.08333333333333333
0 0.371875 0.2833333333333333 0.0234375 0.075
0 0.596875 0.21388888888888888 0.0171875 0.05555555555555555
0 0.2265625 0.4166666666666667 0.028125 0.09722222222222222
0 0.353125 0.25277777777777777 0.0171875 0.06111111111111111
0 0.4078125 0.22777777777777777 0.0203125 0.06111111111111111
1 0.4375 0.25 0.04375 0.1
