0 0.159375 0.30277777777777776 0.0296875 0.09444444444444444
1 0.54765625 0.5708333333333333 0.09375 0.16944444444444445
1 0.771875 0.8541666666666666 0.215625 0.2916666666666667
1 0.628125 0.8652777777777778 0.2 0.26944444444444443
1 0.64921875 0.5277777777777778 0.1 0.15833333333333333
1 0.52734375 0.38472222222222224 0.059375 0.10277777777777777
1 0.609375 0.3472222222222222 0.0453125 0.075
1 0.53828125 0.3 0.05 0.06666666666666667
1 0.615625 0.3013888888888889 0.0421875 0.07222222222222222
1 0.703125 0.275 0.040625 0.05555555555555555
3 0.5421875 0.20972222222222223 0.115625 0.09722222222222222
0 0.2640625 0.8027777777777778 0.0890625 0.2388888888888889
