0 0.58984375 0.5361111111111111 0.0828125 0.15555555555555556
0 0.91796875 0.6013888888888889 0.0890625 0.15
0 0.31875 0.37222222222222223 0.05625 0.11666666666666667
0 0.3375 0.2847222222222222 0.046875 0.09166666666666666
0 0.38359375 0.2972222222222222 0.0484375 0.10555555555555556
1 0.459375 0.3055555555555556 0.0859375 0.14166666666666666
0 0.0984375 0.2513888888888889 0.0703125 0.08333333333333333
0 0.24140625 0.18055555555555555 0.0625 0.06666666666666667
0 0.38515625 0.20694444444444443 0.034375 0.07777777777777778
0 0.67734375 0.3111111111111111 0.025 0.06944444444444445
0 0.5484375 0.2791666666666667 0.0625 0.08611111111111111
0 0.13671875 0.5472222222222223 0.10625 0.19722222222222222
0 0.24921875 0.3 0.0375 0.10833333333333334
0 0.4078125 0.2013888888888889 0.0234375 0.06666666666666667
0 0.42265625 0.15833333333333333 0.0203125 0.05555555555555555
