0 0.815625 0.49166666666666664 0.04375 0.12777777777777777
0 0.871875 0.5333333333333333 0.046875 0.1638888888888889
0 0.709375 0.33055555555555555 0.0328125 0.09166666666666666
0 0.6640625 0.30277777777777776 0.0265625 0.075
0 0.68125 0.30277777777777776 0.01875 0.08888888888888889
0 0.6328125 0.2833333333333333 0.0171875 0.07777777777777778
0 0.6140625 0.28888888888888886 0.0234375 0.06666666666666667
1 0.5578125 0.2777777777777778 0.0515625 0.11944444444444445
0 0.084375 0.4111111111111111 0.0578125 0.06666666666666667
0 0.175 0.3 0.0421875 0.06111111111111111
0 0.9015625 0.8944444444444445 0.0765625 0.20555555555555555
0 0.240625 0.43333333333333335 0.034375 0.1111111111111111
