0 0.8484375 0.36666666666666664 0.0265625 0.08333333333333333
1 0.33828125 0.8833333333333333 0.1953125 0.225
1 0.4265625 0.625 0.0984375 0.18611111111111112
1 0.165625 0.7986111111111112 0.2203125 0.31666666666666665
1 0.32109375 0.24166666666666667 0.04375 0.05
2 0.34296875 0.40555555555555556 0.121875 0.2222222222222222
3 0.68046875 0.23333333333333334 0.0796875 0.12222222222222222
3 0.39921875 0.2777777777777778 0.065625 0.1361111111111111
0 0.6265625 0.31805555555555554 0.03125 0.075
0 0.29296875 0.2875 0.0203125 0.06111111111111111
