3 0.359375 0.2652777777777778 0.06875 0.08888888888888889
1 0.44375 0.4777777777777778 0.090625 0.15555555555555556
1 0.41015625 0.8069444444444445 0.1921875 0.325
1 0.44921875 0.34305555555555556 0.0546875 0.09444444444444444
1 0.37734375 0.38055555555555554 0.059375 0.1
1 0.33984375 0.30972222222222223 0.0625 0.08333333333333333
0 0.78828125 0.2569444444444444 0.0265625 0.08333333333333333
2 0.259375 0.6625 0.2640625 0.4527777777777778
0 0.16953125 0.5722222222222222 0.0453125 0.10277777777777777
0 0.28359375 0.3819444444444444 0.021875 0.058333333333333334
