0 0.66875 0.4722222222222222 0.0515625 0.13333333333333333
0 0.71640625 0.44027777777777777 0.0421875 0.13333333333333333
0 0.75703125 0.4527777777777778 0.0390625 0.09722222222222222
0 0.796875 0.5541666666666667 0.0421875 0.1
0 0.69921875 0.6472222222222223 0.0484375 0.14166666666666666
0 0.77890625 0.7513888888888889 0.08125 0.19722222222222222
0 0.91796875 0.4875 0.078125 0.06944444444444445
0 0.809375 0.35138888888888886 0.0453125 0.05
0 0.621875 0.35 0.034375 0.08611111111111111
0 0.65625 0.33194444444444443 0.028125 0.07777777777777778
1 0.4171875 0.2611111111111111 0.0484375 0.08333333333333333
0 0.640625 0.2847222222222222 0.0203125 0.05
0 0.36015625 0.21805555555555556 0.0234375 0.075
0 0.8734375 0.9333333333333333 0.078125 0.13333333333333333
0 0.6109375 0.28055555555555556 0.01875 0.06666666666666667
