0 0.8484375 0.6222222222222222 0.05625 0.18333333333333332
0 0.86328125 0.5416666666666666 0.040625 0.10555555555555556
0 0.76640625 0.5527777777777778 0.040625 0.08888888888888889
0 0.79140625 0.4125 0.028125 0.07222222222222222
1 0.6328125 0.3680555555555556 0.065625 0.13333333333333333
0 0.359375 0.3125 0.028125 0.08055555555555556
0 0.275 0.37916666666666665 0.0296875 0.08611111111111111
0 0.19140625 0.5541666666666667 0.0515625 0.16111111111111112
0 0.553125 0.37083333333333335 0.0203125 0.09166666666666666
0 0.5625 0.31527777777777777 0.0140625 0.06944444444444445
0 0.721875 0.31527777777777777 0.0234375 0.08055555555555556
0 0.69140625 0.29444444444444445 0.01875 0.06944444444444445
0 0.6734375 0.3277777777777778 0.0171875 0.07222222222222222
0 0.66328125 0.24166666666666667 0.0203125 0.05555555555555555
0 0.65234375 0.28194444444444444 0.01875 0.06111111111111111
0 0.62578125 0.27361111111111114 0.0203125 0.07222222222222222
1 0.57265625 0.26666666666666666 0.0453125 0.075
2 0.77109375 0.7333333333333333 0.409375 0.525
