1 0.64375 0.35833333333333334 0.0859375 0.1361111111111111
1 0.72265625 0.7291666666666666 0.20625 0.3861111111111111
0 0.84375 0.5722222222222222 0.0609375 0.19444444444444445
0 0.3375 0.45555555555555555 0.0453125 0.14166666666666666
1 0.421875 0.38472222222222224 0.0640625 0.11388888888888889
0 0.07109375 0.5194444444444445 0.0640625 0.08611111111111111
0 0.2375 0.5180555555555556 0.0546875 0.13333333333333333
1 0.4390625 0.2638888888888889 0.0421875 0.08055555555555556
0 0.5265625 0.31527777777777777 0.028125 0.075
0 0.58046875 0.26944444444444443 0.021875 0.06666666666666667
0 0.628125 0.25277777777777777 0.0234375 0.06944444444444445
