3 0.61015625 0.39444444444444443 0.1140625 0.225
1 0.61796875 0.2722222222222222 0.0671875 0.09166666666666666
1 0.5671875 0.24305555555555555 0.05 0.08055555555555556
1 0.46328125 0.2513888888888889 0.046875 0.1
0 0.33984375 0.2777777777777778 0.0484375 0.09722222222222222
0 0.3375 0.3680555555555556 0.0484375 0.11666666666666667
0 0.09921875 0.2388888888888889 0.084375 0.1
0 0.10234375 0.4388888888888889 0.06875 0.15833333333333333
0 0.37265625 0.21944444444444444 0.03125 0.075
0 0.43046875 0.22083333333333333 0.025 0.07222222222222222
0 0.41640625 0.20416666666666666 0.025 0.07222222222222222
0 0.403125 0.18055555555555555 0.021875 0.06388888888888888
