3 0.59296875 0.41944444444444445 0.15625 0.44722222222222224
2 0.35859375 0.5625 0.2125 0.48333333333333334
0 0.2921875 0.45694444444444443 0.040625 0.10277777777777777
0 0.31875 0.3527777777777778 0.040625 0.10277777777777777
0 0.36796875 0.2625 0.0171875 0.06111111111111111
0 0.86484375 0.5777777777777777 0.046875 0.11666666666666667
0 0.8140625 0.5263888888888889 0.046875 0.12222222222222222
0 0.68671875 0.4027777777777778 0.0375 0.08055555555555556
0 0.6828125 0.32222222222222224 0.0296875 0.06666666666666667
0 0.92734375 0.4111111111111111 0.0421875 0.06388888888888888
0 0.68359375 0.2638888888888889 0.01875 0.05555555555555555
0 0.34609375 0.22361111111111112 0.0140625 0.05555555555555555
0 0.36875 0.1986111111111111 0.0125 0.044444444444444446
0 0.384375 0.19027777777777777 0.015625 0.05
