1 0.684375 0.575 0.1140625 0.18333333333333332
1 0.5671875 0.5444444444444444 0.0828125 0.15555555555555556
1 0.603125 0.37222222222222223 0.0546875 0.08611111111111111
1 0.58125 0.2916666666666667 0.046875 0.06944444444444445
1 0.5265625 0.3388888888888889 0.0515625 0.07777777777777778
2 0.878125 0.8916666666666667 0.2171875 0.2111111111111111
2 0.6296875 0.24444444444444444 0.040625 0.058333333333333334
0 0.228125 0.34444444444444444 0.0296875 0.09166666666666666
0 0.178125 0.34444444444444444 0.025 0.08055555555555556
0 0.709375 0.3055555555555556 0.01875 0.06944444444444445
