3 0.478125 0.20277777777777778 0.0703125 0.07777777777777778
3 0.646875 0.22777777777777777 0.046875 0.07222222222222222
3 0.659375 0.41388888888888886 0.1 0.20277777777777778
1 0.6140625 0.85 0.1640625 0.2972222222222222
1 0.359375 0.225 0.06875 0.05277777777777778
2 0.778125 0.6861111111111111 0.2 0.33055555555555555
3 0.265625 0.19722222222222222 0.0578125 0.058333333333333334
0 0.765625 0.43333333333333335 0.0265625 0.08333333333333333
2 0.6171875 0.26666666666666666 0.046875 0.075
1 0.709375 0.24444444444444444 0.0375 0.044444444444444446
