1 0.40625 0.5013888888888889 0.1078125 0.18055555555555555
1 0.2875 0.8444444444444444 0.1859375 0.21388888888888888
1 0.478125 0.39305555555555555 0.0671875 0.10833333333333334
1 0.4890625 0.3263888888888889 0.0515625 0.07777777777777778
1 0.4890625 0.2777777777777778 0.05 0.08333333333333333
1 0.35546875 0.1527777777777778 0.034375 0.03611111111111111
1 0.3078125 0.14583333333333334 0.0515625 0.05555555555555555
2 0.1203125 0.6722222222222223 0.240625 0.4166666666666667
2 0.384375 0.325 0.13125 0.25
2 0.42265625 0.20277777777777778 0.0671875 0.1
