1 0.4515625 0.33194444444444443 0.06875 0.11666666666666667
0 0.3140625 0.28194444444444444 0.0296875 0.041666666666666664
0 0.31015625 0.3458333333333333 0.025 0.07222222222222222
0 0.2609375 0.31666666666666665 0.0359375 0.06944444444444445
0 0.91171875 0.6527777777777778 0.0484375 0.1361111111111111
0 0.93046875 0.4375 0.0390625 0.05555555555555555
0 0.78671875 0.3263888888888889 0.05625 0.07777777777777778
0 0.8015625 0.4666666666666667 0.03125 0.06388888888888888
0 0.78984375 0.5513888888888889 0.0296875 0.10555555555555556
0 0.71953125 0.7569444444444444 0.046875 0.14166666666666666
0 0.68671875 0.42777777777777776 0.0296875 0.11388888888888889
0 0.7265625 0.4152777777777778 0.025 0.08055555555555556
0 0.7109375 0.3472222222222222 0.034375 0.08333333333333333
0 0.63203125 0.2791666666666667 0.021875 0.07222222222222222
0 0.3484375 0.5444444444444444 0.0609375 0.14166666666666666
0 0.7546875 0.5569444444444445 0.0484375 0.1388888888888889
0 0.6421875 0.22916666666666666 0.0171875 0.058333333333333334
1 0.5 0.225 0.0421875 0.06111111111111111
0 0.39375 0.23472222222222222 0.0296875 0.05555555555555555
0 0.3703125 0.22916666666666666 0.0234375 0.075
0 0.3515625 0.2222222222222222 0.0203125 0.06388888888888888
