0 0.071875 0.5166666666666667 0.0375 0.125
0 0.940625 0.6277777777777778 0.053125 0.14166666666666666
1 0.55625 0.5472222222222223 0.10625 0.19166666666666668
1 0.596875 0.2388888888888889 0.040625 0.04722222222222222
1 0.446875 0.2222222222222222 0.059375 0.05277777777777778
1 0.525 0.35555555555555557 0.053125 0.10555555555555556
1 0.5265625 0.3 0.0421875 0.05277777777777778
1 0.6421875 0.26944444444444443 0.0421875 0.04722222222222222
2 0.671875 0.4083333333333333 0.11875 0.25555555555555554
1 0.540625 0.25833333333333336 0.046875 0.06111111111111111
2 0.6828125 0.225 0.06875 0.075
