0 0.075 0.46805555555555556 0.06875 0.08888888888888889
0 0.325 0.3486111111111111 0.0359375 0.09722222222222222
0 0.359375 0.3819444444444444 0.0328125 0.09722222222222222
0 0.63515625 0.30833333333333335 0.03125 0.07777777777777778
0 0.62421875 0.22361111111111112 0.025 0.08333333333333333
0 0.52578125 0.2611111111111111 0.025 0.07222222222222222
0 0.3703125 0.28888888888888886 0.028125 0.07222222222222222
0 0.34609375 0.26805555555555555 0.021875 0.06944444444444445
0 0.81875 0.4361111111111111 0.0609375 0.1361111111111111
0 0.4015625 0.25555555555555554 0.025 0.06944444444444445
0 0.35390625 0.20833333333333334 0.0140625 0.04722222222222222
