1 0.6265625 0.6305555555555555 0.115625 0.20833333333333334
0 0.796875 0.7444444444444445 0.0703125 0.1388888888888889
0 0.790625 0.4638888888888889 0.040625 0.10277777777777777
0 0.7125 0.37222222222222223 0.03125 0.1
0 0.7453125 0.37222222222222223 0.034375 0.08055555555555556
1 0.3015625 0.6055555555555555 0.109375 0.2222222222222222
0 0.178125 0.7944444444444444 0.0546875 0.18611111111111112
0 0.109375 0.6611111111111111 0.046875 0.11944444444444445
0 0.16875 0.49166666666666664 0.0328125 0.07222222222222222
0 0.2625 0.36666666666666664 0.028125 0.07777777777777778
0 0.33125 0.3527777777777778 0.0265625 0.08888888888888889
1 0.415625 0.37777777777777777 0.065625 0.125
0 0.078125 0.4083333333333333 0.0578125 0.06111111111111111
0 0.209375 0.2861111111111111 0.0390625 0.05
0 0.315625 0.2916666666666667 0.0203125 0.075
1 0.39375 0.2722222222222222 0.046875 0.07222222222222222
0 0.6328125 0.25555555555555554 0.025 0.08333333333333333
0 0.6734375 0.275 0.0203125 0.08611111111111111
0 0.259375 0.4527777777777778 0.0234375 0.08888888888888889
0 0.35 0.2611111111111111 0.0171875 0.07222222222222222
0 0.33125 0.26666666666666666 0.0203125 0.06944444444444445
