0 0.303125 0.35555555555555557 0.0359375 0.11666666666666667
0 0.3828125 0.2638888888888889 0.03125 0.075
1 0.5546875 0.2916666666666667 0.0546875 0.10277777777777777
0 0.7375 0.38333333333333336 0.0375 0.09722222222222222
0 0.696875 0.30277777777777776 0.0265625 0.07777777777777778
0 0.6625 0.3 0.028125 0.07222222222222222
0 0.634375 0.30833333333333335 0.028125 0.08888888888888889
0 0.596875 0.2777777777777778 0.01875 0.058333333333333334
0 0.6140625 0.2722222222222222 0.0171875 0.07777777777777778
0 0.0765625 0.4 0.059375 0.07222222222222222
0 0.209375 0.2833333333333333 0.0421875 0.044444444444444446
0 0.0703125 0.8388888888888889 0.0828125 0.19444444444444445
