3 0.27265625 0.25972222222222224 0.0609375 0.09444444444444444
1 0.45546875 0.45555555555555555 0.0875 0.12222222222222222
1 0.428125 0.7111111111111111 0.15 0.23055555555555557
1 0.375 0.45555555555555555 0.071875 0.11388888888888889
1 0.45625 0.36527777777777776 0.0609375 0.09722222222222222
1 0.446875 0.3055555555555556 0.046875 0.07222222222222222
1 0.31484375 0.29444444444444445 0.059375 0.06944444444444445
0 0.2734375 0.3861111111111111 0.0140625 0.05277777777777778
2 0.22890625 0.7027777777777777 0.2984375 0.5222222222222223
2 0.3765625 0.3402777777777778 0.0734375 0.14722222222222223
