1 0.434375 0.3875 0.078125 0.15555555555555556
0 0.74453125 0.43333333333333335 0.0484375 0.11388888888888889
0 0.3015625 0.5305555555555556 0.0671875 0.16944444444444445
0 0.221875 0.5569444444444445 0.0765625 0.18888888888888888
0 0.1484375 0.49583333333333335 0.0640625 0.14722222222222223
0 0.0765625 0.7583333333333333 0.0890625 0.25833333333333336
0 0.2546875 0.4236111111111111 0.0390625 0.09722222222222222
0 0.27265625 0.35694444444444445 0.025 0.06388888888888888
0 0.2609375 0.31527777777777777 0.025 0.044444444444444446
0 0.3109375 0.38055555555555554 0.0375 0.1111111111111111
0 0.33125 0.4041666666666667 0.0375 0.1
0 0.34296875 0.3416666666666667 0.03125 0.07222222222222222
0 0.39296875 0.34305555555555556 0.034375 0.08888888888888889
0 0.3828125 0.2513888888888889 0.021875 0.075
0 0.41875 0.22777777777777777 0.025 0.08055555555555556
0 0.32890625 0.25277777777777777 0.01875 0.05277777777777778
0 0.0890625 0.3277777777777778 0.0765625 0.11944444444444445
0 0.096875 0.6263888888888889 0.0890625 0.19444444444444445
0 0.378125 0.22916666666666666 0.0140625 0.06388888888888888
0 0.3390625 0.3 0.0265625 0.07222222222222222
