0 0.6640625 0.4722222222222222 0.0703125 0.1361111111111111
0 0.81171875 0.5597222222222222 0.0390625 0.09166666666666666
0 0.925 0.5444444444444444 0.075 0.10555555555555556
0 0.809375 0.39166666666666666 0.05 0.05555555555555555
0 0.2953125 0.31666666666666665 0.0421875 0.1111111111111111
0 0.31484375 0.24027777777777778 0.025 0.05555555555555555
0 0.36640625 0.2833333333333333 0.0296875 0.08333333333333333
0 0.3875 0.2916666666666667 0.0296875 0.06111111111111111
0 0.41171875 0.33055555555555555 0.03125 0.07222222222222222
0 0.36015625 0.2513888888888889 0.025 0.06944444444444445
0 0.715625 0.8694444444444445 0.0890625 0.22777777777777777
0 0.67578125 0.2861111111111111 0.0265625 0.06111111111111111
0 0.6265625 0.2611111111111111 0.0296875 0.08611111111111111
0 0.65234375 0.24166666666666667 0.01875 0.05555555555555555
0 0.45546875 0.2388888888888889 0.0265625 0.06388888888888888
1 0.4984375 0.19444444444444445 0.0453125 0.075
0 0.39921875 0.1986111111111111 0.01875 0.05277777777777778
0 0.3578125 0.2013888888888889 0.0234375 0.06944444444444445
