0 0.33515625 0.55 0.0640625 0.15
0 0.2921875 0.45416666666666666 0.0546875 0.11666666666666667
0 0.1984375 0.6611111111111111 0.0703125 0.15
0 0.11015625 0.7680555555555556 0.075 0.17222222222222222
0 0.94921875 0.4263888888888889 0.1 0.16944444444444445
0 0.890625 0.2375 0.0734375 0.10833333333333334
0 0.34140625 0.37916666666666665 0.0328125 0.07777777777777778
0 0.31328125 0.2972222222222222 0.021875 0.06111111111111111
0 0.328125 0.28888888888888886 0.0234375 0.06111111111111111
0 0.3734375 0.2638888888888889 0.021875 0.06388888888888888
