1 0.20703125 0.8833333333333333 0.2546875 0.23333333333333334
1 0.42578125 0.7236111111111111 0.1515625 0.2972222222222222
1 0.33125 0.5583333333333333 0.1265625 0.2
1 0.328125 0.3055555555555556 0.0484375 0.06944444444444445
1 0.3625 0.4388888888888889 0.0671875 0.1111111111111111
1 0.46015625 0.4166666666666667 0.075 0.1388888888888889
1 0.38359375 0.36944444444444446 0.0484375 0.075
1 0.3734375 0.3138888888888889 0.0515625 0.075
2 0.55546875 0.19166666666666668 0.140625 0.13055555555555556
3 0.35625 0.26805555555555555 0.059375 0.08888888888888889
