1 0.615625 0.7833333333333333 0.1421875 0.3138888888888889
1 0.58125 0.5222222222222223 0.10625 0.19166666666666668
1 0.7203125 0.4722222222222222 0.11875 0.1527777777777778
3 0.5703125 0.3527777777777778 0.0859375 0.17222222222222222
1 0.6484375 0.3111111111111111 0.0625 0.10833333333333334
0 0.6765625 0.2777777777777778 0.015625 0.058333333333333334
0 0.65 0.26666666666666666 0.0234375 0.058333333333333334
0 0.075 0.4111111111111111 0.071875 0.10555555555555556
0 0.209375 0.2916666666666667 0.046875 0.041666666666666664
0 0.51875 0.2388888888888889 0.0359375 0.05277777777777778
0 0.925 0.8083333333333333 0.0765625 0.20833333333333334
0 0.746875 0.38055555555555554 0.0203125 0.06944444444444445
0 0.74375 0.32222222222222224 0.021875 0.058333333333333334
