1 0.6359375 0.6472222222222223 0.1234375 0.25
0 0.85625 0.8944444444444445 0.0828125 0.20833333333333334
0 0.15 0.6111111111111112 0.0578125 0.16111111111111112
0 0.2125 0.55 0.0609375 0.1388888888888889
0 0.2109375 0.44722222222222224 0.04375 0.10555555555555556
1 0.309375 0.45 0.10625 0.16666666666666666
1 0.44375 0.2777777777777778 0.0484375 0.08333333333333333
0 0.7765625 0.4583333333333333 0.0453125 0.13055555555555556
0 0.540625 0.41388888888888886 0.0328125 0.125
0 0.6828125 0.42777777777777776 0.0453125 0.10833333333333334
0 0.7046875 0.5138888888888888 0.0578125 0.12777777777777777
0 0.6890625 0.3 0.01875 0.06944444444444445
0 0.659375 0.30833333333333335 0.0296875 0.06111111111111111
0 0.3546875 0.3 0.0234375 0.075
0 0.3046875 0.33611111111111114 0.0375 0.08611111111111111
0 0.0921875 0.40555555555555556 0.0875 0.08055555555555556
0 0.3171875 0.3 0.0265625 0.075
