0 0.3234375 0.3375 0.03125 0.09722222222222222
0 0.18671875 0.3736111111111111 0.04375 0.1111111111111111
0 0.37890625 0.2111111111111111 0.0265625 0.058333333333333334
0 0.64296875 0.4097222222222222 0.0390625 0.1
0 0.74375 0.4708333333333333 0.0296875 0.08055555555555556
0 0.68203125 0.375 0.0375 0.09166666666666666
0 0.64453125 0.3263888888888889 0.0171875 0.05
0 0.9328125 0.5097222222222222 0.0609375 0.07222222222222222
0 0.85703125 0.6111111111111112 0.0390625 0.1
0 0.68515625 0.3111111111111111 0.01875 0.044444444444444446
3 0.7703125 0.7444444444444445 0.453125 0.5111111111111111
