2 0.57890625 0.3875 0.1203125 0.2611111111111111
0 0.85625 0.8194444444444444 0.0859375 0.20277777777777778
0 0.25859375 0.7541666666666667 0.05625 0.18888888888888888
0 0.146875 0.8083333333333333 0.0609375 0.16111111111111112
0 0.07890625 0.3763888888888889 0.0484375 0.08333333333333333
0 0.20625 0.4875 0.0453125 0.1
0 0.33671875 0.4597222222222222 0.04375 0.1388888888888889
0 0.4078125 0.425 0.0390625 0.13055555555555556
0 0.2875 0.41388888888888886 0.0328125 0.11388888888888889
0 0.27265625 0.36944444444444446 0.034375 0.10833333333333334
0 0.209375 0.4097222222222222 0.0390625 0.11944444444444445
0 0.33359375 0.35694444444444445 0.0203125 0.09444444444444444
0 0.30703125 0.3013888888888889 0.0328125 0.07777777777777778
1 0.4546875 0.25833333333333336 0.0453125 0.075
1 0.61875 0.2569444444444444 0.05625 0.08055555555555556
1 0.52890625 0.23194444444444445 0.0515625 0.07777777777777778
0 0.40546875 0.225 0.0140625 0.058333333333333334
0 0.37890625 0.21388888888888888 0.028125 0.08333333333333333
0 0.19765625 0.6180555555555556 0.0453125 0.17777777777777778
0 0.14453125 0.6 0.04375 0.18888888888888888
0 0.3546875 0.2652777777777778 0.0171875 0.06666666666666667
0 0.33828125 0.28194444444444444 0.0203125 0.06666666666666667
0 0.3265625 0.24722222222222223 0.0171875 0.06666666666666667
0 0.35546875 0.20972222222222223 0.0171875 0.06111111111111111
0 0.55859375 0.22777777777777777 0.0140625 0.05277777777777778
0 0.67109375 0.24722222222222223 0.0171875 0.058333333333333334
