0 0.3546875 0.39444444444444443 0.0296875 0.09166666666666666
0 0.440625 0.3 0.0234375 0.058333333333333334
0 0.6953125 0.3 0.015625 0.06944444444444445
1 0.746875 0.6972222222222222 0.14375 0.21388888888888888
1 0.675 0.9083333333333333 0.20625 0.16666666666666666
1 0.6296875 0.4166666666666667 0.075 0.12222222222222222
1 0.603125 0.6277777777777778 0.1171875 0.21944444444444444
1 0.521875 0.38333333333333336 0.0625 0.1111111111111111
1 0.603125 0.35 0.0515625 0.075
1 0.534375 0.32222222222222224 0.046875 0.07222222222222222
2 0.696875 0.21666666666666667 0.096875 0.09722222222222222
2 0.5875 0.23055555555555557 0.0828125 0.08333333333333333
3 0.6125 0.275 0.05 0.09722222222222222
