1 0.7203125 0.7055555555555556 0.2265625 0.4083333333333333
2 0.66328125 0.30694444444444446 0.2078125 0.3611111111111111
2 0.5609375 0.1638888888888889 0.084375 0.1361111111111111
0 0.31875 0.7236111111111111 0.065625 0.18333333333333332
0 0.26953125 0.7416666666666667 0.06875 0.1361111111111111
0 0.15546875 0.8125 0.0734375 0.175
0 0.25859375 0.6527777777777778 0.06875 0.12777777777777777
0 0.28203125 0.5194444444444445 0.04375 0.12222222222222222
0 0.321875 0.5416666666666666 0.0390625 0.11666666666666667
0 0.33046875 0.48333333333333334 0.03125 0.08611111111111111
0 0.2328125 0.5236111111111111 0.0484375 0.09444444444444444
0 0.09765625 0.5263888888888889 0.0578125 0.1
0 0.078125 0.5902777777777778 0.0546875 0.1111111111111111
0 0.28828125 0.4361111111111111 0.040625 0.09444444444444444
0 0.31171875 0.4 0.034375 0.09722222222222222
1 0.4203125 0.3236111111111111 0.0546875 0.09722222222222222
0 0.36015625 0.3736111111111111 0.03125 0.08611111111111111
0 0.33984375 0.35833333333333334 0.025 0.075
0 0.37734375 0.3486111111111111 0.034375 0.09722222222222222
0 0.475 0.24166666666666667 0.03125 0.08611111111111111
