1 0.30859375 0.7833333333333333 0.184375 0.3388888888888889
2 0.31796875 0.37222222222222223 0.175 0.3055555555555556
2 0.4015625 0.19305555555555556 0.0765625 0.12222222222222222
0 0.703125 0.6513888888888889 0.0453125 0.17222222222222222
0 0.753125 0.6513888888888889 0.0515625 0.11388888888888889
0 0.8734375 0.6791666666666667 0.0625 0.1638888888888889
0 0.75390625 0.5597222222222222 0.059375 0.1111111111111111
0 0.715625 0.4388888888888889 0.0296875 0.11666666666666667
0 0.67890625 0.475 0.034375 0.11388888888888889
0 0.6640625 0.42083333333333334 0.021875 0.075
0 0.7640625 0.425 0.040625 0.08333333333333333
0 0.89609375 0.37777777777777777 0.05 0.08333333333333333
0 0.9234375 0.43194444444444446 0.0453125 0.1
0 0.7 0.3597222222222222 0.0328125 0.08611111111111111
0 0.671875 0.3333333333333333 0.0203125 0.08611111111111111
1 0.55703125 0.2972222222222222 0.0453125 0.08055555555555556
0 0.62265625 0.3236111111111111 0.021875 0.07777777777777778
0 0.63984375 0.30277777777777776 0.0203125 0.07222222222222222
0 0.60234375 0.3055555555555556 0.0234375 0.09166666666666666
0 0.49453125 0.2388888888888889 0.021875 0.075
