1 0.3734375 0.6986111111111111 0.1921875 0.31666666666666665
1 0.41484375 0.4236111111111111 0.0703125 0.13333333333333333
0 0.3328125 0.41944444444444445 0.0328125 0.09166666666666666
0 0.634375 0.35694444444444445 0.05 0.11666666666666667
0 0.578125 0.3013888888888889 0.040625 0.1
0 0.67265625 0.32916666666666666 0.05625 0.1527777777777778
0 0.71484375 0.3527777777777778 0.046875 0.125
0 0.8703125 0.5597222222222222 0.0640625 0.15
0 0.971875 0.5527777777777778 0.05625 0.17777777777777778
0 0.8953125 0.21944444444444444 0.053125 0.05277777777777778
0 0.6640625 0.23333333333333334 0.03125 0.06944444444444445
0 0.60078125 0.26666666666666666 0.0328125 0.08888888888888889
0 0.5546875 0.2125 0.028125 0.08055555555555556
0 0.6125 0.175 0.0296875 0.07222222222222222
0 0.59765625 0.1875 0.0234375 0.058333333333333334
0 0.578125 0.19583333333333333 0.021875 0.058333333333333334
