1 0.62421875 0.5013888888888889 0.0859375 0.1388888888888889
1 0.578125 0.3416666666666667 0.075 0.125
0 0.34140625 0.4708333333333333 0.046875 0.13333333333333333
0 0.3125 0.4013888888888889 0.0359375 0.11666666666666667
0 0.24921875 0.3527777777777778 0.0265625 0.08055555555555556
0 0.33125 0.32083333333333336 0.0296875 0.08333333333333333
0 0.3734375 0.3763888888888889 0.05 0.12222222222222222
0 0.228125 0.6111111111111112 0.0546875 0.16111111111111112
0 0.20703125 0.5097222222222222 0.0546875 0.14444444444444443
0 0.0859375 0.3333333333333333 0.0671875 0.08055555555555556
0 0.34609375 0.23333333333333334 0.025 0.075
0 0.371875 0.24444444444444444 0.025 0.09444444444444444
0 0.40234375 0.2361111111111111 0.0234375 0.058333333333333334
0 0.1046875 0.6722222222222223 0.078125 0.20555555555555555
0 0.40625 0.19444444444444445 0.01875 0.05277777777777778
0 0.421875 0.19722222222222222 0.0171875 0.05555555555555555
0 0.39140625 0.18333333333333332 0.0203125 0.05555555555555555
0 0.3890625 0.28055555555555556 0.0265625 0.06944444444444445
0 0.62890625 0.28888888888888886 0.0203125 0.06388888888888888
