3 0.40234375 0.44027777777777777 0.19375 0.4861111111111111
2 0.64453125 0.5305555555555556 0.246875 0.5277777777777778
0 0.703125 0.4125 0.0453125 0.1111111111111111
0 0.6703125 0.3138888888888889 0.04375 0.10555555555555556
0 0.61484375 0.2361111111111111 0.0265625 0.06944444444444445
0 0.14296875 0.6569444444444444 0.0515625 0.12222222222222222
0 0.190625 0.5944444444444444 0.053125 0.13055555555555556
0 0.3078125 0.4444444444444444 0.04375 0.09166666666666666
0 0.30625 0.3638888888888889 0.0359375 0.07777777777777778
0 0.06953125 0.5041666666666667 0.05 0.08333333333333333
0 0.3015625 0.3055555555555556 0.025 0.06111111111111111
0 0.63359375 0.19166666666666668 0.01875 0.058333333333333334
0 0.61015625 0.17222222222222222 0.015625 0.04722222222222222
0 0.59375 0.16805555555555557 0.021875 0.05555555555555555
