0 0.1734375 0.10416666666666667 0.0265625 0.06388888888888888
0 0.2 0.16527777777777777 0.0265625 0.06944444444444445
1 0.58515625 0.7513888888888889 0.1890625 0.3472222222222222
1 0.53828125 0.40694444444444444 0.071875 0.12222222222222222
1 0.71796875 0.30694444444444446 0.0453125 0.06388888888888888
1 0.496875 0.22083333333333333 0.059375 0.06944444444444445
1 0.64453125 0.32222222222222224 0.0421875 0.06666666666666667
1 0.5671875 0.2847222222222222 0.0453125 0.06388888888888888
1 0.68359375 0.3138888888888889 0.04375 0.06666666666666667
1 0.6328125 0.2861111111111111 0.0484375 0.06388888888888888
2 0.709375 0.6986111111111111 0.2359375 0.4305555555555556
2 0.63671875 0.44027777777777777 0.084375 0.15555555555555556
3 0.6125 0.2388888888888889 0.08125 0.10277777777777777
