0 0.13984375 0.5944444444444444 0.0578125 0.1388888888888889
0 0.975 0.6263888888888889 0.05 0.18055555555555555
0 0.85859375 0.34444444444444444 0.028125 0.1
1 0.4375 0.6055555555555555 0.115625 0.2361111111111111
1 0.37734375 0.4222222222222222 0.0671875 0.11388888888888889
1 0.31875 0.55 0.1109375 0.16666666666666666
1 0.16171875 0.8388888888888889 0.2609375 0.32222222222222224
1 0.40859375 0.33055555555555555 0.0453125 0.06666666666666667
1 0.2859375 0.24722222222222223 0.0359375 0.04722222222222222
1 0.3828125 0.28888888888888886 0.05 0.06944444444444445
1 0.3265625 0.25416666666666665 0.0359375 0.044444444444444446
3 0.42265625 0.25416666666666665 0.05 0.09722222222222222
