0 0.12734375 0.6097222222222223 0.05625 0.15555555555555556
2 0.42109375 0.3625 0.13125 0.29444444444444445
0 0.665625 0.3263888888888889 0.034375 0.1
0 0.640625 0.3416666666666667 0.0234375 0.06666666666666667
0 0.56875 0.2875 0.0171875 0.06111111111111111
0 0.73359375 0.3111111111111111 0.0234375 0.08055555555555556
0 0.71640625 0.35694444444444445 0.0359375 0.09166666666666666
0 0.91953125 0.3527777777777778 0.06875 0.09166666666666666
0 0.63828125 0.24305555555555555 0.01875 0.06666666666666667
0 0.60390625 0.25416666666666665 0.0234375 0.07222222222222222
0 0.640625 0.2777777777777778 0.01875 0.06111111111111111
3 0.790625 0.6666666666666666 0.41875 0.6444444444444445
0 0.3375 0.24305555555555555 0.0171875 0.06388888888888888
0 0.390625 0.2263888888888889 0.01875 0.06388888888888888
0 0.58203125 0.20555555555555555 0.01875 0.05555555555555555
0 0.58984375 0.26944444444444443 0.015625 0.06111111111111111
