0 0.8390625 0.5166666666666667 0.05625 0.16111111111111112
0 0.271875 0.4166666666666667 0.034375 0.11666666666666667
0 0.346875 0.3472222222222222 0.0328125 0.08611111111111111
0 0.3265625 0.29444444444444445 0.0265625 0.08055555555555556
0 0.39375 0.3055555555555556 0.0234375 0.07222222222222222
0 0.08125 0.4 0.065625 0.08611111111111111
0 0.609375 0.25555555555555554 0.028125 0.06666666666666667
0 0.53125 0.25 0.015625 0.08888888888888889
0 0.3921875 0.24722222222222223 0.0265625 0.075
0 0.3625 0.20555555555555555 0.0125 0.058333333333333334
