0 0.2796875 0.3819444444444444 0.0390625 0.13055555555555556
0 0.2109375 0.4111111111111111 0.028125 0.11944444444444445
1 0.625 0.6666666666666666 0.1578125 0.3416666666666667
0 0.76953125 0.5388888888888889 0.0484375 0.15555555555555556
0 0.67265625 0.4708333333333333 0.0453125 0.1388888888888889
0 0.6921875 0.3819444444444444 0.0375 0.09722222222222222
0 0.925 0.4652777777777778 0.059375 0.08333333333333333
0 0.7984375 0.3375 0.05625 0.07777777777777778
0 0.74453125 0.3819444444444444 0.040625 0.09444444444444444
3 0.58046875 0.2388888888888889 0.084375 0.21388888888888888
0 0.665625 0.25833333333333336 0.0203125 0.06666666666666667
0 0.640625 0.2513888888888889 0.021875 0.06388888888888888
0 0.49375 0.21805555555555556 0.01875 0.058333333333333334
