3 0.59375 0.4652777777777778 0.1453125 0.32222222222222224
0 0.73203125 0.2833333333333333 0.0421875 0.09444444444444444
0 0.67578125 0.25416666666666665 0.0328125 0.08055555555555556
0 0.6421875 0.23472222222222222 0.0265625 0.08055555555555556
1 0.53046875 0.3055555555555556 0.0609375 0.10277777777777777
0 0.18125 0.8291666666666667 0.0765625 0.18333333333333332
0 0.06953125 0.5166666666666667 0.0546875 0.05
0 0.1859375 0.36944444444444446 0.0484375 0.03888888888888889
0 0.25546875 0.4222222222222222 0.040625 0.06666666666666667
0 0.3140625 0.3861111111111111 0.0421875 0.08055555555555556
0 0.35 0.3402777777777778 0.03125 0.08888888888888889
0 0.57890625 0.26944444444444443 0.0296875 0.06944444444444445
0 0.57578125 0.2 0.034375 0.058333333333333334
0 0.509375 0.21666666666666667 0.0203125 0.05555555555555555
