0 0.0453125 0.6416666666666667 0.0609375 0.15833333333333333
1 0.39609375 0.7694444444444445 0.153125 0.2777777777777778
1 0.48046875 0.38055555555555554 0.06875 0.1111111111111111
1 0.4015625 0.38055555555555554 0.0515625 0.09444444444444444
1 0.640625 0.20694444444444443 0.0515625 0.05277777777777778
1 0.3484375 0.4986111111111111 0.0734375 0.1111111111111111
1 0.396875 0.3111111111111111 0.0421875 0.06111111111111111
1 0.1609375 0.5166666666666667 0.0671875 0.14166666666666666
2 0.2703125 0.6347222222222222 0.1828125 0.31666666666666665
2 0.29921875 0.23333333333333334 0.040625 0.05555555555555555
2 0.38515625 0.2625 0.05625 0.07222222222222222
3 0.415625 0.21388888888888888 0.0890625 0.1
