0 0.309375 0.37777777777777777 0.034375 0.10277777777777777
0 0.253125 0.37777777777777777 0.0296875 0.08611111111111111
0 0.2 0.5472222222222223 0.05 0.12222222222222222
1 0.60625 0.375 0.0578125 0.09722222222222222
0 0.7046875 0.425 0.0296875 0.10833333333333334
0 0.65 0.2833333333333333 0.0234375 0.06388888888888888
0 0.553125 0.3055555555555556 0.0234375 0.06111111111111111
0 0.56875 0.26666666666666666 0.0140625 0.03888888888888889
1 0.55625 0.2 0.0328125 0.05
0 0.590625 0.18888888888888888 0.009375 0.044444444444444446
0 0.3609375 0.24166666666666667 0.015625 0.058333333333333334
0 0.39375 0.20833333333333334 0.0140625 0.05555555555555555
3 0.4484375 0.18055555555555555 0.05625 0.14166666666666666
