1 0.68125 0.4083333333333333 0.1 0.16111111111111112
0 0.346875 0.44722222222222224 0.0390625 0.14166666666666666
0 0.2984375 0.3861111111111111 0.03125 0.09166666666666666
0 0.209375 0.5611111111111111 0.0375 0.15
0 0.2125 0.8083333333333333 0.1171875 0.25833333333333336
0 0.0734375 0.4027777777777778 0.05 0.07222222222222222
0 0.459375 0.3 0.0328125 0.07222222222222222
0 0.66875 0.24166666666666667 0.0203125 0.07222222222222222
0 0.528125 0.21666666666666667 0.0234375 0.058333333333333334
0 0.390625 0.30277777777777776 0.021875 0.08055555555555556
0 0.346875 0.2611111111111111 0.015625 0.06666666666666667
0 0.4046875 0.22777777777777777 0.015625 0.06666666666666667
0 0.915625 0.7555555555555555 0.0640625 0.19444444444444445
