1 0.428125 0.4 0.0703125 0.14444444444444443
0 0.7390625 0.3888888888888889 0.0421875 0.10555555555555556
0 0.3046875 0.5666666666666667 0.0578125 0.15833333333333333
0 0.2265625 0.6083333333333333 0.0671875 0.17777777777777778
0 0.15 0.5611111111111111 0.05625 0.1388888888888889
0 0.09375 0.8361111111111111 0.075 0.24444444444444444
0 0.2515625 0.46944444444444444 0.034375 0.09166666666666666
0 0.265625 0.4 0.021875 0.06111111111111111
0 0.2515625 0.3611111111111111 0.0234375 0.041666666666666664
0 0.3046875 0.4166666666666667 0.03125 0.10555555555555556
0 0.3265625 0.4361111111111111 0.0328125 0.09444444444444444
0 0.334375 0.37222222222222223 0.028125 0.06666666666666667
0 0.384375 0.3638888888888889 0.0296875 0.08333333333333333
0 0.36875 0.275 0.0171875 0.07222222222222222
0 0.403125 0.24444444444444444 0.0203125 0.07777777777777778
0 0.315625 0.2861111111111111 0.015625 0.05
0 0.08125 0.40555555555555556 0.0703125 0.10833333333333334
0 0.10625 0.7 0.078125 0.18055555555555555
0 0.3625 0.25277777777777777 0.0109375 0.06111111111111111
0 0.328125 0.33055555555555555 0.021875 0.06944444444444445
