1 0.35078125 0.46805555555555556 0.0953125 0.175
0 0.7359375 0.3527777777777778 0.0359375 0.11666666666666667
0 0.85078125 0.46944444444444444 0.065625 0.15
0 0.6359375 0.2875 0.03125 0.09166666666666666
0 0.1421875 0.6236111111111111 0.05625 0.17222222222222222
0 0.196875 0.6458333333333334 0.0625 0.15833333333333333
0 0.24921875 0.4375 0.0328125 0.08888888888888889
0 0.29296875 0.36666666666666664 0.046875 0.09166666666666666
0 0.3484375 0.3194444444444444 0.0265625 0.07777777777777778
0 0.325 0.3013888888888889 0.0203125 0.058333333333333334
0 0.18203125 0.3819444444444444 0.040625 0.075
0 0.0765625 0.5361111111111111 0.0796875 0.10555555555555556
0 0.06328125 0.8291666666666667 0.0796875 0.15
1 0.70234375 0.8597222222222223 0.1625 0.20277777777777778
0 0.2203125 0.5597222222222222 0.053125 0.1527777777777778
0 0.28671875 0.5416666666666666 0.046875 0.14444444444444443
0 0.340625 0.24027777777777778 0.0234375 0.06944444444444445
0 0.39375 0.25972222222222224 0.025 0.07222222222222222
0 0.72578125 0.2652777777777778 0.0359375 0.1
0 0.64921875 0.2111111111111111 0.028125 0.07777777777777778
0 0.6234375 0.1763888888888889 0.021875 0.06111111111111111
