0 0.8296875 0.2875 0.025 0.07777777777777778
1 0.41796875 0.7305555555555555 0.128125 0.2361111111111111
1 0.28828125 0.6680555555555555 0.153125 0.24722222222222223
1 0.46796875 0.4111111111111111 0.08125 0.15
1 0.39609375 0.4111111111111111 0.0671875 0.11666666666666667
1 0.4484375 0.3138888888888889 0.053125 0.08611111111111111
1 0.34296875 0.2861111111111111 0.04375 0.058333333333333334
1 0.38671875 0.3347222222222222 0.0421875 0.075
1 0.33828125 0.2902777777777778 0.0453125 0.06944444444444445
1 0.4421875 0.26805555555555555 0.0453125 0.058333333333333334
3 0.6421875 0.16944444444444445 0.13125 0.14166666666666666
