0 0.63515625 0.4027777777777778 0.04375 0.14166666666666666
0 0.3640625 0.5111111111111111 0.04375 0.1638888888888889
0 0.1125 0.8888888888888888 0.1 0.2222222222222222
0 0.1421875 0.675 0.075 0.13333333333333333
0 0.07421875 0.5583333333333333 0.078125 0.1111111111111111
0 0.1875 0.3875 0.05625 0.05555555555555555
0 0.26796875 0.49722222222222223 0.0390625 0.10555555555555556
0 0.30234375 0.4888888888888889 0.0484375 0.1361111111111111
0 0.24453125 0.43472222222222223 0.0421875 0.08055555555555556
0 0.30625 0.39166666666666666 0.0390625 0.09166666666666666
0 0.34921875 0.33611111111111114 0.03125 0.08333333333333333
0 0.5609375 0.18472222222222223 0.0234375 0.06111111111111111
0 0.22265625 0.5194444444444445 0.0390625 0.10555555555555556
0 0.32734375 0.3125 0.0234375 0.06666666666666667
0 0.378125 0.26805555555555555 0.0265625 0.06666666666666667
1 0.409375 0.2791666666666667 0.0546875 0.11388888888888889
