1 0.378125 0.2611111111111111 0.0546875 0.08888888888888889
0 0.31953125 0.2833333333333333 0.0265625 0.09166666666666666
0 0.65859375 0.6875 0.05625 0.16944444444444445
0 0.74609375 0.5375 0.0359375 0.1527777777777778
0 0.921875 0.4375 0.0828125 0.1111111111111111
0 0.878125 0.6875 0.08125 0.14722222222222223
0 0.7046875 0.41805555555555557 0.04375 0.10277777777777777
0 0.690625 0.34444444444444444 0.0375 0.09722222222222222
0 0.63203125 0.3055555555555556 0.021875 0.06666666666666667
0 0.59765625 0.3 0.03125 0.08888888888888889
0 0.57265625 0.30416666666666664 0.021875 0.07777777777777778
0 0.65234375 0.2986111111111111 0.0171875 0.08611111111111111
0 0.634375 0.25 0.0171875 0.05
