0 0.1546875 0.4875 0.0453125 0.125
0 0.84140625 0.33611111111111114 0.0234375 0.07222222222222222
1 0.20703125 0.7305555555555555 0.1640625 0.2722222222222222
1 0.403125 0.2986111111111111 0.04375 0.07222222222222222
1 0.38046875 0.2652777777777778 0.04375 0.06388888888888888
1 0.33515625 0.22916666666666666 0.0390625 0.05277777777777778
1 0.353125 0.24722222222222223 0.04375 0.058333333333333334
2 0.3421875 0.44166666666666665 0.1265625 0.23333333333333334
2 0.29765625 0.19027777777777777 0.0765625 0.09722222222222222
3 0.48125 0.2916666666666667 0.0875 0.2222222222222222
