1 0.5578125 0.5472222222222223 0.0890625 0.1527777777777778
1 0.5265625 0.29444444444444445 0.040625 0.06666666666666667
1 0.5734375 0.25555555555555554 0.0421875 0.05
1 0.6125 0.26944444444444443 0.040625 0.058333333333333334
1 0.60625 0.30833333333333335 0.0390625 0.075
1 0.6453125 0.2388888888888889 0.0421875 0.044444444444444446
2 0.853125 0.8083333333333333 0.290625 0.38055555555555554
2 0.6734375 0.5 0.121875 0.23055555555555557
2 0.7296875 0.21666666666666667 0.0421875 0.06111111111111111
3 0.4546875 0.2 0.075 0.06666666666666667
