1 0.3296875 0.6555555555555556 0.1390625 0.23055555555555557
1 0.3703125 0.44305555555555554 0.0765625 0.125
1 0.73984375 0.31666666666666665 0.05625 0.09722222222222222
1 0.95078125 0.8569444444444444 0.0984375 0.20277777777777778
2 0.3890625 0.3375 0.0609375 0.10833333333333334
2 0.31953125 0.26944444444444443 0.0453125 0.06388888888888888
2 0.34921875 0.26666666666666666 0.0515625 0.08055555555555556
2 0.47734375 0.3680555555555556 0.0828125 0.175
3 0.47734375 0.3680555555555556 0.08125 0.17222222222222222
3 0.31640625 0.21388888888888888 0.0875 0.09166666666666666
