0 0.2109375 0.5583333333333333 0.04375 0.11388888888888889
0 0.29921875 0.37777777777777777 0.0390625 0.075
0 0.34765625 0.3625 0.0359375 0.10833333333333334
1 0.42734375 0.3638888888888889 0.0671875 0.11666666666666667
0 0.50390625 0.25416666666666665 0.03125 0.07777777777777778
0 0.61640625 0.7055555555555556 0.078125 0.23333333333333334
0 0.21171875 0.8763888888888889 0.0828125 0.24722222222222223
0 0.07421875 0.4597222222222222 0.065625 0.08055555555555556
0 0.36484375 0.42916666666666664 0.003125 0.002777777777777778
0 0.37890625 0.24583333333333332 0.01875 0.06111111111111111
0 0.3984375 0.2875 0.0234375 0.06944444444444445
0 0.42265625 0.26944444444444443 0.025 0.07777777777777778
0 0.35703125 0.29583333333333334 0.025 0.06666666666666667
0 0.52421875 0.31527777777777777 0.025 0.07222222222222222
