1 0.34140625 0.8152777777777778 0.2015625 0.36944444444444446
0 0.28671875 0.4625 0.0625 0.125
0 0.5984375 0.29444444444444445 0.040625 0.1
0 0.6359375 0.2875 0.0390625 0.09444444444444444
0 0.70625 0.2847222222222222 0.0359375 0.08055555555555556
0 0.74140625 0.2611111111111111 0.04375 0.08611111111111111
0 0.73515625 0.36944444444444446 0.071875 0.1388888888888889
0 0.89609375 0.24027777777777778 0.071875 0.10277777777777777
0 0.2765625 0.3972222222222222 0.0453125 0.08888888888888889
0 0.63046875 0.21805555555555556 0.0296875 0.08055555555555556
0 0.57890625 0.15416666666666667 0.0203125 0.058333333333333334
0 0.56171875 0.18333333333333332 0.0203125 0.058333333333333334
