1 0.46875 0.25972222222222224 0.0421875 0.08333333333333333
1 0.62265625 0.6152777777777778 0.134375 0.2777777777777778
1 0.57109375 0.3611111111111111 0.075 0.1361111111111111
0 0.7671875 0.5555555555555556 0.040625 0.12777777777777777
0 0.8125 0.5166666666666667 0.05 0.12777777777777777
0 0.721875 0.4722222222222222 0.040625 0.12222222222222222
0 0.73984375 0.4097222222222222 0.0234375 0.07777777777777778
0 0.66328125 0.45555555555555555 0.04375 0.1111111111111111
0 0.86484375 0.6569444444444444 0.071875 0.17777777777777778
0 0.81484375 0.7819444444444444 0.0828125 0.19444444444444445
0 0.9265625 0.44722222222222224 0.0515625 0.08055555555555556
0 0.6984375 0.31527777777777777 0.0265625 0.075
0 0.67890625 0.3388888888888889 0.025 0.08333333333333333
0 0.64765625 0.32083333333333336 0.021875 0.08611111111111111
0 0.62578125 0.29583333333333334 0.021875 0.07222222222222222
0 0.6 0.27361111111111114 0.034375 0.058333333333333334
0 0.9671875 0.7361111111111112 0.0578125 0.21666666666666667
0 0.1015625 0.6291666666666667 0.0625 0.175
1 0.55 0.22777777777777777 0.040625 0.07777777777777778
0 0.64765625 0.25416666666666665 0.015625 0.05277777777777778
