1 0.6484375 0.7652777777777777 0.1515625 0.3388888888888889
1 0.58671875 0.49583333333333335 0.1078125 0.20833333333333334
1 0.715625 0.4125 0.115625 0.17777777777777778
3 0.559375 0.3333333333333333 0.0828125 0.175
1 0.64453125 0.30972222222222223 0.0703125 0.125
0 0.7265625 0.2916666666666667 0.0484375 0.10277777777777777
0 0.63515625 0.2361111111111111 0.025 0.06111111111111111
0 0.60546875 0.25833333333333336 0.040625 0.08333333333333333
0 0.078125 0.5097222222222222 0.0703125 0.08888888888888889
0 0.1984375 0.3625 0.0546875 0.06388888888888888
0 0.66953125 0.25 0.028125 0.07222222222222222
0 0.92578125 0.5569444444444445 0.0796875 0.1638888888888889
