0 0.1484375 0.4166666666666667 0.03125 0.10277777777777777
0 0.21953125 0.38055555555555554 0.0234375 0.07777777777777778
1 0.80546875 0.7777777777777778 0.184375 0.2777777777777778
1 0.64453125 0.5527777777777778 0.0984375 0.1638888888888889
1 0.6 0.7472222222222222 0.159375 0.2916666666666667
1 0.64609375 0.23194444444444445 0.040625 0.05277777777777778
1 0.61484375 0.38472222222222224 0.06875 0.11666666666666667
1 0.59296875 0.3138888888888889 0.04375 0.06944444444444445
2 0.6140625 0.25972222222222224 0.053125 0.07222222222222222
3 0.54296875 0.20833333333333334 0.0921875 0.13055555555555556
3 0.19453125 0.7694444444444445 0.3859375 0.46111111111111114
