1 0.61171875 0.7847222222222222 0.1484375 0.2861111111111111
1 0.915625 0.8958333333333334 0.165625 0.14166666666666666
1 0.63671875 0.2513888888888889 0.040625 0.05277777777777778
2 0.7125 0.4861111111111111 0.2 0.36666666666666664
2 0.60703125 0.31805555555555554 0.0546875 0.11944444444444445
2 0.7125 0.17916666666666667 0.06875 0.08055555555555556
3 0.28203125 0.23055555555555557 0.071875 0.09722222222222222
0 0.246875 0.3625 0.0515625 0.06666666666666667
0 0.25 0.41805555555555557 0.05625 0.08888888888888889
0 0.71328125 0.31666666666666665 0.0234375 0.075
