1 0.61796875 0.6263888888888889 0.125 0.2361111111111111
1 0.4359375 0.3416666666666667 0.0796875 0.13055555555555556
0 0.15078125 0.6805555555555556 0.0828125 0.22777777777777777
0 0.24765625 0.4666666666666667 0.053125 0.13055555555555556
0 0.20234375 0.4375 0.05625 0.11944444444444445
0 0.309375 0.28888888888888886 0.0375 0.08333333333333333
0 0.3609375 0.3638888888888889 0.0328125 0.1
0 0.38828125 0.2791666666666667 0.0234375 0.06666666666666667
0 0.3546875 0.25972222222222224 0.0203125 0.07222222222222222
0 0.33203125 0.24583333333333332 0.0265625 0.06388888888888888
0 0.678125 0.4111111111111111 0.0328125 0.10555555555555556
0 0.6203125 0.35694444444444445 0.0375 0.12222222222222222
0 0.7296875 0.42916666666666664 0.0453125 0.10555555555555556
0 0.65 0.32222222222222224 0.0203125 0.07222222222222222
0 0.91875 0.4625 0.0625 0.08055555555555556
0 0.8 0.33194444444444443 0.0421875 0.05277777777777778
0 0.72734375 0.5611111111111111 0.05625 0.15
0 0.875 0.8236111111111111 0.0984375 0.24166666666666667
0 0.66953125 0.30277777777777776 0.021875 0.08055555555555556
0 0.49765625 0.2569444444444444 0.0234375 0.06944444444444445
