1 0.60703125 0.6861111111111111 0.1484375 0.2777777777777778
1 0.5203125 0.35694444444444445 0.071875 0.1
1 0.6390625 0.425 0.0859375 0.15
1 0.5328125 0.3 0.059375 0.08611111111111111
1 0.59296875 0.33611111111111114 0.059375 0.09444444444444444
1 0.54375 0.4375 0.0953125 0.18055555555555555
1 0.621875 0.21805555555555556 0.0453125 0.06388888888888888
1 0.3953125 0.24861111111111112 0.0609375 0.06666666666666667
1 0.5953125 0.2708333333333333 0.0484375 0.07222222222222222
1 0.52109375 0.25833333333333336 0.05 0.07222222222222222
2 0.85859375 0.7041666666666667 0.2828125 0.4527777777777778
2 0.69375 0.16944444444444445 0.128125 0.13055555555555556
