0 0.60078125 0.41805555555555557 0.0375 0.11388888888888889
0 0.259375 0.5263888888888889 0.0421875 0.12222222222222222
0 0.30703125 0.30694444444444446 0.021875 0.08055555555555556
0 0.92578125 0.325 0.0578125 0.08055555555555556
0 0.665625 0.41805555555555557 0.0390625 0.1388888888888889
0 0.740625 0.41805555555555557 0.034375 0.08333333333333333
0 0.8046875 0.4166666666666667 0.0375 0.08055555555555556
0 0.796875 0.6013888888888889 0.090625 0.16111111111111112
0 0.63125 0.3013888888888889 0.028125 0.08333333333333333
0 0.69921875 0.27361111111111114 0.0265625 0.06388888888888888
0 0.55703125 0.2902777777777778 0.028125 0.07777777777777778
0 0.6125 0.20694444444444443 0.0203125 0.044444444444444446
0 0.65703125 0.24166666666666667 0.021875 0.06666666666666667
0 0.57578125 0.22083333333333333 0.021875 0.06111111111111111
0 0.7125 0.3638888888888889 0.0328125 0.07777777777777778
0 0.625 0.23472222222222222 0.0203125 0.05
