0 0.7390625 0.7611111111111111 0.0671875 0.18333333333333332
0 0.809375 0.9055555555555556 0.0671875 0.18888888888888888
0 0.903125 0.7 0.0734375 0.14444444444444443
0 0.771875 0.4638888888888889 0.05 0.13055555555555556
0 0.7296875 0.4111111111111111 0.0359375 0.11666666666666667
0 0.696875 0.36666666666666664 0.021875 0.08055555555555556
0 0.7 0.3 0.028125 0.07222222222222222
0 0.6734375 0.2916666666666667 0.0203125 0.05
0 0.659375 0.29444444444444445 0.0171875 0.058333333333333334
0 0.6296875 0.3055555555555556 0.015625 0.05555555555555555
0 0.60625 0.25833333333333336 0.015625 0.05277777777777778
0 0.596875 0.28055555555555556 0.021875 0.05555555555555555
1 0.5484375 0.2611111111111111 0.0515625 0.075
0 0.0765625 0.3972222222222222 0.05625 0.06944444444444445
0 0.215625 0.2833333333333333 0.0375 0.03333333333333333
0 0.4375 0.25833333333333336 0.0234375 0.05277777777777778
0 0.34375 0.24444444444444444 0.01875 0.06388888888888888
