1 0.6265625 0.8 0.1359375 0.3194444444444444
1 0.5859375 0.5166666666666667 0.090625 0.17777777777777778
1 0.7203125 0.4666666666666667 0.109375 0.16111111111111112
3 0.571875 0.35 0.071875 0.15833333333333333
1 0.6578125 0.3472222222222222 0.0625 0.1111111111111111
0 0.740625 0.35 0.0421875 0.09444444444444444
0 0.6546875 0.2722222222222222 0.0234375 0.058333333333333334
0 0.6234375 0.2861111111111111 0.0328125 0.075
0 0.08125 0.40555555555555556 0.065625 0.06666666666666667
0 0.2125 0.28888888888888886 0.05 0.05
0 0.6875 0.29444444444444445 0.0234375 0.06944444444444445
0 0.9171875 0.6611111111111111 0.059375 0.1361111111111111
