0 0.1609375 0.8416666666666667 0.078125 0.17777777777777778
0 0.2 0.6444444444444445 0.0703125 0.16666666666666666
0 0.246875 0.5083333333333333 0.053125 0.11388888888888889
0 0.078125 0.39444444444444443 0.0625 0.075
0 0.2875 0.39444444444444443 0.0375 0.12222222222222222
0 0.36875 0.43333333333333335 0.034375 0.12777777777777777
0 0.334375 0.35555555555555557 0.0265625 0.10277777777777777
0 0.31875 0.2777777777777778 0.0296875 0.075
0 0.66875 0.3055555555555556 0.0234375 0.06666666666666667
0 0.603125 0.275 0.0234375 0.06666666666666667
0 0.578125 0.2638888888888889 0.021875 0.06388888888888888
0 0.621875 0.2388888888888889 0.0203125 0.05277777777777778
1 0.6328125 0.40555555555555556 0.078125 0.14166666666666666
1 0.5453125 0.3333333333333333 0.0625 0.12222222222222222
1 0.5421875 0.25833333333333336 0.05 0.06944444444444445
2 0.6828125 0.7222222222222222 0.2859375 0.5527777777777778
0 0.3859375 0.3 0.028125 0.08611111111111111
0 0.4203125 0.2722222222222222 0.025 0.07222222222222222
0 0.6625 0.22777777777777777 0.028125 0.075
1 0.575 0.18333333333333332 0.05 0.06944444444444445
0 0.0671875 0.6805555555555556 0.0578125 0.18888888888888888
0 0.3125 0.3388888888888889 0.0234375 0.08888888888888889
0 0.353125 0.25277777777777777 0.0171875 0.07777777777777778
0 0.3734375 0.2222222222222222 0.0140625 0.06388888888888888
0 0.38125 0.30277777777777776 0.025 0.07777777777777778
0 0.3875 0.16666666666666666 0.01875 0.05
0 0.396875 0.24722222222222223 0.0171875 0.06111111111111111
