0 0.06875 0.6527777777777778 0.06875 0.1527777777777778
0 0.1328125 0.5833333333333334 0.06875 0.15
0 0.24375 0.43333333333333335 0.0359375 0.1388888888888889
0 0.2921875 0.4305555555555556 0.040625 0.10277777777777777
0 0.7890625 0.5611111111111111 0.04375 0.16111111111111112
0 0.9109375 0.8472222222222222 0.078125 0.1638888888888889
0 0.7203125 0.3277777777777778 0.053125 0.11666666666666667
0 0.6796875 0.2972222222222222 0.025 0.09166666666666666
0 0.653125 0.2833333333333333 0.01875 0.06388888888888888
0 0.634375 0.2833333333333333 0.021875 0.07222222222222222
0 0.609375 0.2777777777777778 0.0328125 0.08055555555555556
1 0.559375 0.28888888888888886 0.05625 0.10277777777777777
0 0.0828125 0.40555555555555556 0.0625 0.075
0 0.2140625 0.2861111111111111 0.0578125 0.06111111111111111
0 0.64375 0.21666666666666667 0.015625 0.04722222222222222
