0 0.33671875 0.39444444444444443 0.040625 0.11944444444444445
0 0.25546875 0.4013888888888889 0.0359375 0.08611111111111111
0 0.07734375 0.40694444444444444 0.0578125 0.07777777777777778
0 0.20390625 0.29305555555555557 0.0453125 0.041666666666666664
0 0.51796875 0.2722222222222222 0.0421875 0.08611111111111111
0 0.40546875 0.2972222222222222 0.0265625 0.08055555555555556
0 0.38046875 0.2375 0.0171875 0.06666666666666667
0 0.340625 0.3055555555555556 0.0359375 0.075
0 0.41796875 0.225 0.0203125 0.06111111111111111
0 0.3953125 0.18055555555555555 0.015625 0.05
