1 0.3328125 0.8305555555555556 0.171875 0.3277777777777778
0 0.65 0.5041666666666667 0.053125 0.16111111111111112
0 0.86953125 0.5944444444444444 0.0828125 0.15
0 0.28828125 0.44305555555555554 0.0484375 0.14444444444444443
0 0.3359375 0.3138888888888889 0.034375 0.09166666666666666
0 0.37734375 0.23472222222222222 0.03125 0.09722222222222222
1 0.4390625 0.31805555555555554 0.05625 0.14444444444444443
0 0.6671875 0.3111111111111111 0.0296875 0.08888888888888889
0 0.7171875 0.3236111111111111 0.028125 0.05277777777777778
0 0.55546875 0.2791666666666667 0.0296875 0.06388888888888888
2 0.5375 0.19305555555555556 0.071875 0.11666666666666667
0 0.29609375 0.27361111111111114 0.0390625 0.09444444444444444
0 0.07890625 0.3763888888888889 0.0625 0.09444444444444444
0 0.21015625 0.27361111111111114 0.0484375 0.06111111111111111
0 0.04375 0.8277777777777777 0.075 0.25
0 0.34140625 0.2611111111111111 0.03125 0.08611111111111111
0 0.63671875 0.28194444444444444 0.025 0.075
0 0.39921875 0.2222222222222222 0.01875 0.07222222222222222
0 0.47734375 0.23472222222222222 0.0328125 0.058333333333333334
