0 0.9171875 0.4 0.0671875 0.075
2 0.4078125 0.2388888888888889 0.0625 0.11944444444444445
0 0.3375 0.3333333333333333 0.0140625 0.04722222222222222
0 0.29375 0.3472222222222222 0.0265625 0.08333333333333333
0 0.31875 0.25555555555555554 0.015625 0.05555555555555555
0 0.36875 0.22777777777777777 0.01875 0.044444444444444446
0 0.65 0.4111111111111111 0.0296875 0.09166666666666666
0 0.68125 0.38333333333333336 0.028125 0.10555555555555556
0 0.70625 0.46111111111111114 0.03125 0.11944444444444445
0 0.740625 0.4583333333333333 0.0265625 0.10555555555555556
0 0.815625 0.65 0.0578125 0.14722222222222223
0 0.7953125 0.55 0.0390625 0.09722222222222222
0 0.78125 0.4638888888888889 0.040625 0.1
0 0.95625 0.7055555555555556 0.071875 0.18333333333333332
0 0.6375 0.26666666666666666 0.025 0.07222222222222222
0 0.590625 0.3277777777777778 0.021875 0.07222222222222222
0 0.603125 0.24444444444444444 0.0203125 0.058333333333333334
