0 0.92890625 0.5097222222222222 0.0734375 0.1638888888888889
0 0.63828125 0.4083333333333333 0.04375 0.11666666666666667
0 0.6484375 0.37222222222222223 0.0390625 0.09166666666666666
0 0.7546875 0.4 0.053125 0.10833333333333334
0 0.725 0.31666666666666665 0.0421875 0.09444444444444444
0 0.66875 0.29583333333333334 0.0328125 0.1
0 0.58671875 0.25416666666666665 0.025 0.06388888888888888
0 0.296875 0.5 0.05625 0.1388888888888889
0 0.3765625 0.4236111111111111 0.040625 0.09722222222222222
0 0.25234375 0.3972222222222222 0.03125 0.08611111111111111
0 0.0796875 0.49722222222222223 0.0765625 0.08888888888888889
0 0.19609375 0.3597222222222222 0.0421875 0.06388888888888888
1 0.52109375 0.20972222222222223 0.05 0.06666666666666667
0 0.3828125 0.3125 0.0375 0.09444444444444444
0 0.61484375 0.24861111111111112 0.028125 0.07222222222222222
0 0.62890625 0.225 0.0234375 0.058333333333333334
0 0.34140625 0.2375 0.021875 0.058333333333333334
0 0.65625 0.21388888888888888 0.021875 0.06111111111111111
