3 0.5953125 0.49166666666666664 0.121875 0.2916666666666667
0 0.7484375 0.35 0.034375 0.08611111111111111
0 0.6953125 0.3055555555555556 0.0265625 0.075
0 0.6640625 0.2777777777777778 0.0203125 0.075
1 0.546875 0.31666666666666665 0.053125 0.08888888888888889
0 0.15625 0.7361111111111112 0.0625 0.16666666666666666
0 0.0734375 0.3972222222222222 0.0515625 0.03611111111111111
0 0.2015625 0.2833333333333333 0.046875 0.025
0 0.265625 0.35555555555555557 0.0359375 0.058333333333333334
0 0.3265625 0.33611111111111114 0.0359375 0.07222222222222222
0 0.365625 0.3 0.025 0.08333333333333333
0 0.5984375 0.29444444444444445 0.025 0.06388888888888888
0 0.6015625 0.225 0.0296875 0.05
0 0.534375 0.2222222222222222 0.015625 0.05277777777777778
