1 0.59765625 0.5055555555555555 0.109375 0.21666666666666667
0 0.69609375 0.7555555555555555 0.0734375 0.18333333333333332
0 0.77734375 0.8513888888888889 0.075 0.23333333333333334
0 0.77578125 0.5333333333333333 0.053125 0.125
0 0.703125 0.5097222222222222 0.0421875 0.12777777777777777
0 0.809375 0.6569444444444444 0.0671875 0.16111111111111112
0 0.7140625 0.4111111111111111 0.034375 0.08888888888888889
0 0.6390625 0.4013888888888889 0.0375 0.10833333333333334
0 0.6171875 0.35138888888888886 0.028125 0.06944444444444445
0 0.58671875 0.32916666666666666 0.025 0.07222222222222222
0 0.4859375 0.2763888888888889 0.0265625 0.06388888888888888
0 0.25625 0.3347222222222222 0.0484375 0.11666666666666667
0 0.33515625 0.20694444444444443 0.0265625 0.06944444444444445
0 0.63125 0.2972222222222222 0.028125 0.06388888888888888
