0 0.840625 0.8138888888888889 0.0765625 0.2
1 0.58203125 0.4111111111111111 0.0796875 0.16666666666666666
0 0.09609375 0.7652777777777777 0.0859375 0.20277777777777778
0 0.25703125 0.39305555555555555 0.0375 0.08888888888888889
0 0.92265625 0.4236111111111111 0.0515625 0.06666666666666667
0 0.7453125 0.3486111111111111 0.028125 0.08333333333333333
0 0.7484375 0.49722222222222223 0.0375 0.125
0 0.68125 0.5027777777777778 0.0515625 0.10833333333333334
3 0.3546875 0.5208333333333334 0.234375 0.5055555555555555
0 0.6796875 0.3194444444444444 0.0171875 0.06111111111111111
0 0.66484375 0.275 0.01875 0.05555555555555555
1 0.45625 0.3125 0.06875 0.1
1 0.22421875 0.5416666666666666 0.0734375 0.1638888888888889
0 0.35234375 0.2652777777777778 0.0234375 0.06666666666666667
0 0.62109375 0.22916666666666666 0.01875 0.06111111111111111
0 0.65234375 0.24583333333333332 0.0203125 0.06111111111111111
