0 0.7 0.4875 0.0328125 0.1111111111111111
0 0.92734375 0.47638888888888886 0.071875 0.10555555555555556
0 0.80625 0.3388888888888889 0.046875 0.05277777777777778
1 0.371875 0.4875 0.1140625 0.21666666666666667
0 0.36875 0.2152777777777778 0.0171875 0.05
0 0.4796875 0.3125 0.03125 0.09166666666666666
0 0.69453125 0.3402777777777778 0.0328125 0.10277777777777777
0 0.66328125 0.3375 0.0203125 0.06666666666666667
0 0.6265625 0.3 0.025 0.06944444444444445
0 0.60078125 0.2875 0.0234375 0.06388888888888888
0 0.6453125 0.3013888888888889 0.025 0.08055555555555556
0 0.6625 0.2791666666666667 0.01875 0.04722222222222222
