0 0.7375 0.4388888888888889 0.0375 0.1111111111111111
0 0.3171875 0.39444444444444443 0.025 0.10833333333333334
0 0.259375 0.4305555555555556 0.0359375 0.09444444444444444
0 0.275 0.4888888888888889 0.03125 0.1111111111111111
0 0.178125 0.5944444444444444 0.0546875 0.1388888888888889
0 0.0921875 0.7361111111111112 0.0640625 0.18611111111111112
0 0.146875 0.825 0.0765625 0.24166666666666667
0 0.0828125 0.4 0.059375 0.04722222222222222
0 0.34375 0.2777777777777778 0.021875 0.075
0 0.49375 0.2611111111111111 0.0375 0.06388888888888888
0 0.3703125 0.2111111111111111 0.0171875 0.06111111111111111
