0 0.17890625 0.43333333333333335 0.04375 0.11944444444444445
0 0.05234375 0.5583333333333333 0.0671875 0.16944444444444445
0 0.84765625 0.3402777777777778 0.028125 0.06944444444444445
1 0.42890625 0.5319444444444444 0.1171875 0.225
1 0.4609375 0.24583333333333332 0.05 0.06388888888888888
1 0.47734375 0.21805555555555556 0.053125 0.06388888888888888
1 0.4859375 0.3347222222222222 0.059375 0.10555555555555556
2 0.33046875 0.4513888888888889 0.1359375 0.25555555555555554
2 0.3984375 0.3236111111111111 0.0734375 0.1361111111111111
3 0.38359375 0.18333333333333332 0.078125 0.1
