0 0.30859375 0.425 0.0421875 0.1388888888888889
0 0.33203125 0.33194444444444443 0.0390625 0.1
0 0.2546875 0.43194444444444446 0.0578125 0.14722222222222223
0 0.2046875 0.6680555555555555 0.0609375 0.2111111111111111
0 0.0484375 0.6611111111111111 0.0890625 0.17222222222222222
0 0.78046875 0.6055555555555555 0.05625 0.14166666666666666
0 0.92421875 0.4888888888888889 0.0828125 0.10277777777777777
0 0.3640625 0.19305555555555556 0.0171875 0.05555555555555555
0 0.37734375 0.1986111111111111 0.01875 0.058333333333333334
0 0.4828125 0.25277777777777777 0.025 0.06944444444444445
0 0.4015625 0.24305555555555555 0.021875 0.07222222222222222
