0 0.821875 0.45555555555555555 0.0859375 0.17777777777777778
0 0.78125 0.3402777777777778 0.04375 0.09722222222222222
0 0.9 0.23472222222222222 0.078125 0.11666666666666667
0 0.7640625 0.18194444444444444 0.0453125 0.07222222222222222
0 0.72421875 0.2791666666666667 0.03125 0.09444444444444444
0 0.6640625 0.30972222222222223 0.040625 0.11944444444444445
0 0.66953125 0.27361111111111114 0.04375 0.09722222222222222
0 0.38125 0.4652777777777778 0.0375 0.10555555555555556
0 0.3234375 0.44166666666666665 0.0390625 0.1111111111111111
0 0.271875 0.4097222222222222 0.034375 0.08888888888888889
0 0.29453125 0.35833333333333334 0.0421875 0.09444444444444444
0 0.42421875 0.35833333333333334 0.034375 0.09166666666666666
1 0.53984375 0.2722222222222222 0.05625 0.1
3 0.5171875 0.19166666666666668 0.059375 0.1111111111111111
0 0.57421875 0.225 0.03125 0.07777777777777778
0 0.6140625 0.2125 0.028125 0.07777777777777778
0 0.6375 0.19583333333333333 0.028125 0.075
0 0.58671875 0.18333333333333332 0.021875 0.06111111111111111
0 0.60625 0.14444444444444443 0.0171875 0.044444444444444446
