1 0.640625 0.5444444444444444 0.1265625 0.28055555555555556
0 0.66640625 0.34305555555555556 0.05 0.08888888888888889
0 0.5140625 0.26944444444444443 0.0421875 0.058333333333333334
0 0.48046875 0.2611111111111111 0.034375 0.07222222222222222
0 0.91953125 0.5125 0.0640625 0.15555555555555556
0 0.32890625 0.30416666666666664 0.021875 0.08333333333333333
0 0.45 0.27361111111111114 0.0234375 0.06666666666666667
0 0.59453125 0.2791666666666667 0.0234375 0.08055555555555556
0 0.60234375 0.21944444444444444 0.01875 0.06111111111111111
0 0.56796875 0.21944444444444444 0.01875 0.06388888888888888
