1 0.33203125 0.7694444444444445 0.1765625 0.33611111111111114
1 0.69765625 0.7222222222222222 0.125 0.24722222222222223
1 0.34453125 0.4375 0.1140625 0.18611111111111112
1 0.43046875 0.2722222222222222 0.0484375 0.075
1 0.415625 0.34305555555555556 0.0671875 0.11944444444444445
1 0.5015625 0.28055555555555556 0.046875 0.06944444444444445
1 0.503125 0.32916666666666666 0.0546875 0.08888888888888889
1 0.39375 0.2013888888888889 0.040625 0.058333333333333334
1 0.47421875 0.41944444444444445 0.0984375 0.18055555555555555
2 0.1515625 0.6222222222222222 0.303125 0.55
3 0.43125 0.1638888888888889 0.103125 0.1111111111111111
0 0.58515625 0.35138888888888886 0.03125 0.08611111111111111
