0 0.3640625 0.7472222222222222 0.0671875 0.18333333333333332
0 0.2640625 0.4736111111111111 0.0359375 0.13333333333333333
0 0.2796875 0.33055555555555555 0.028125 0.08611111111111111
0 0.4453125 0.4305555555555556 0.0359375 0.125
0 0.83828125 0.7152777777777778 0.0578125 0.18055555555555555
0 0.9234375 0.4263888888888889 0.0625 0.08333333333333333
0 0.80078125 0.3013888888888889 0.05 0.06111111111111111
2 0.62421875 0.45555555555555555 0.159375 0.44722222222222224
3 0.62578125 0.4527777777777778 0.1546875 0.4444444444444444
0 0.80390625 0.46944444444444444 0.0296875 0.1111111111111111
0 0.765625 0.5111111111111111 0.0453125 0.14722222222222223
0 0.7265625 0.4083333333333333 0.025 0.07777777777777778
0 0.7390625 0.3458333333333333 0.0234375 0.058333333333333334
0 0.321875 0.2611111111111111 0.025 0.075
0 0.40625 0.19444444444444445 0.0328125 0.06944444444444445
0 0.45 0.2638888888888889 0.0296875 0.1
0 0.70078125 0.31805555555555554 0.0265625 0.08611111111111111
0 0.653125 0.2513888888888889 0.0203125 0.05
