0 0.71484375 0.4152777777777778 0.046875 0.12777777777777777
0 0.82578125 0.5111111111111111 0.0640625 0.17222222222222222
1 0.5359375 0.2361111111111111 0.046875 0.09166666666666666
1 0.228125 0.7375 0.1703125 0.275
1 0.403125 0.6125 0.1453125 0.3138888888888889
1 0.36484375 0.4166666666666667 0.0765625 0.13055555555555556
0 0.07109375 0.46805555555555556 0.0640625 0.08611111111111111
0 0.115625 0.7 0.05625 0.15
0 0.20390625 0.5611111111111111 0.04375 0.12222222222222222
0 0.27265625 0.5027777777777778 0.0375 0.10555555555555556
0 0.23125 0.4222222222222222 0.0234375 0.06666666666666667
0 0.28125 0.38472222222222224 0.0234375 0.08333333333333333
0 0.30234375 0.4 0.0328125 0.09722222222222222
0 0.33515625 0.3458333333333333 0.025 0.075
0 0.3609375 0.33055555555555555 0.025 0.06111111111111111
0 0.2921875 0.3347222222222222 0.0203125 0.04722222222222222
0 0.19921875 0.4888888888888889 0.034375 0.08055555555555556
0 0.30859375 0.3125 0.0234375 0.06111111111111111
