0 0.72890625 0.3680555555555556 0.059375 0.125
0 0.92578125 0.5583333333333333 0.0796875 0.18611111111111112
0 0.90234375 0.24583333333333332 0.071875 0.08055555555555556
1 0.4328125 0.3888888888888889 0.065625 0.11666666666666667
0 0.32109375 0.4875 0.05 0.11388888888888889
0 0.284375 0.4486111111111111 0.05 0.10555555555555556
0 0.17578125 0.7277777777777777 0.0546875 0.15833333333333333
0 0.5828125 0.2875 0.0359375 0.1
0 0.61484375 0.2611111111111111 0.0296875 0.09166666666666666
1 0.5359375 0.29305555555555557 0.071875 0.13055555555555556
0 0.58203125 0.18194444444444444 0.0296875 0.08055555555555556
