1 0.553125 0.5055555555555555 0.078125 0.1388888888888889
1 0.534375 0.29444444444444445 0.0390625 0.05
1 0.5640625 0.2638888888888889 0.04375 0.058333333333333334
1 0.528125 0.3388888888888889 0.046875 0.08055555555555556
1 0.603125 0.3111111111111111 0.046875 0.04722222222222222
1 0.603125 0.3638888888888889 0.0515625 0.09444444444444444
1 0.6265625 0.2777777777777778 0.0359375 0.04722222222222222
2 0.6578125 0.45 0.0953125 0.14722222222222223
2 0.6984375 0.7416666666666667 0.3171875 0.5138888888888888
3 0.6515625 0.2 0.096875 0.08333333333333333
1 0.209375 0.35 0.0578125 0.09722222222222222
