0 0.846875 0.7305555555555555 0.0546875 0.18611111111111112
0 0.5765625 0.6027777777777777 0.0453125 0.14444444444444443
3 0.4109375 0.35 0.1328125 0.3611111111111111
0 0.1625 0.4777777777777778 0.0375 0.1111111111111111
0 0.24375 0.4777777777777778 0.04375 0.11944444444444445
0 0.309375 0.37777777777777777 0.0328125 0.11388888888888889
0 0.265625 0.37777777777777777 0.034375 0.1111111111111111
0 0.2953125 0.29444444444444445 0.0265625 0.08888888888888889
0 0.7421875 0.37222222222222223 0.0296875 0.10277777777777777
0 0.56875 0.3 0.0203125 0.08611111111111111
0 0.684375 0.2722222222222222 0.025 0.07777777777777778
0 0.08125 0.40555555555555556 0.0515625 0.08055555555555556
0 0.209375 0.28055555555555556 0.0453125 0.03888888888888889
0 0.321875 0.30833333333333335 0.021875 0.075
0 0.33125 0.25277777777777777 0.0234375 0.06111111111111111
0 0.6625 0.2361111111111111 0.021875 0.06944444444444445
