1 0.4453125 0.375 0.0671875 0.1361111111111111
0 0.3046875 0.5527777777777778 0.053125 0.12222222222222222
0 0.30625 0.7375 0.0765625 0.19444444444444445
0 0.16171875 0.5791666666666667 0.0765625 0.16666666666666666
0 0.1859375 0.4486111111111111 0.034375 0.08333333333333333
0 0.2640625 0.4125 0.0375 0.11388888888888889
0 0.315625 0.3541666666666667 0.025 0.08333333333333333
0 0.37421875 0.3472222222222222 0.028125 0.09444444444444444
0 0.40546875 0.2902777777777778 0.0328125 0.09722222222222222
0 0.2875 0.33055555555555555 0.0375 0.09444444444444444
0 0.08203125 0.3263888888888889 0.065625 0.08055555555555556
0 0.11640625 0.7444444444444445 0.059375 0.20555555555555555
0 0.64375 0.3138888888888889 0.0234375 0.05555555555555555
0 0.52890625 0.2652777777777778 0.0265625 0.08055555555555556
0 0.590625 0.8944444444444445 0.1 0.2111111111111111
0 0.0328125 0.6138888888888889 0.065625 0.2388888888888889
0 0.309375 0.45694444444444443 0.040625 0.11944444444444445
0 0.28515625 0.28194444444444444 0.021875 0.08333333333333333
0 0.3859375 0.20555555555555555 0.0203125 0.05555555555555555
