0 0.8109375 0.2388888888888889 0.03125 0.07777777777777778
0 0.28359375 0.3263888888888889 0.0171875 0.058333333333333334
1 0.18046875 0.8916666666666667 0.2421875 0.21666666666666667
1 0.3984375 0.8930555555555556 0.178125 0.21388888888888888
1 0.4359375 0.6263888888888889 0.1 0.19444444444444445
1 0.3484375 0.5194444444444445 0.09375 0.14444444444444443
1 0.31875 0.2875 0.0484375 0.06388888888888888
1 0.46640625 0.35555555555555557 0.065625 0.10277777777777777
1 0.43515625 0.29583333333333334 0.040625 0.06388888888888888
1 0.4015625 0.37083333333333335 0.0546875 0.08888888888888889
1 0.36328125 0.29444444444444445 0.046875 0.06666666666666667
1 0.39296875 0.3194444444444444 0.0453125 0.06944444444444445
2 0.26953125 0.25972222222222224 0.0765625 0.08888888888888889
3 0.584375 0.1763888888888889 0.1125 0.10555555555555556
