0 0.80546875 0.48333333333333334 0.1015625 0.20833333333333334
0 0.68515625 0.32083333333333336 0.0609375 0.14166666666666666
0 0.63046875 0.34444444444444444 0.0484375 0.1361111111111111
0 0.90234375 0.2375 0.096875 0.13055555555555556
0 0.7625 0.16111111111111112 0.046875 0.06111111111111111
0 0.60625 0.2569444444444444 0.046875 0.1
0 0.4484375 0.2791666666666667 0.0421875 0.08055555555555556
0 0.83046875 0.7458333333333333 0.1015625 0.2638888888888889
0 0.5953125 0.1875 0.021875 0.06666666666666667
0 0.61015625 0.1638888888888889 0.01875 0.05277777777777778
0 0.246875 0.6263888888888889 0.05625 0.14444444444444443
