0 0.0765625 0.4 0.05625 0.075
0 0.21875 0.4305555555555556 0.0296875 0.10833333333333334
0 0.259375 0.6027777777777777 0.0578125 0.17222222222222222
0 0.284375 0.41388888888888886 0.03125 0.08888888888888889
0 0.26875 0.3333333333333333 0.025 0.058333333333333334
0 0.303125 0.3 0.0140625 0.058333333333333334
0 0.31875 0.30277777777777776 0.015625 0.06666666666666667
0 0.3390625 0.2916666666666667 0.01875 0.06666666666666667
0 0.3640625 0.3138888888888889 0.0265625 0.09444444444444444
3 0.440625 0.29444444444444445 0.065625 0.11388888888888889
