0 0.3578125 0.5833333333333334 0.0390625 0.13055555555555556
0 0.271875 0.5305555555555556 0.0296875 0.12222222222222222
0 0.24375 0.40555555555555556 0.040625 0.1
0 0.21875 0.48333333333333334 0.040625 0.1
0 0.0953125 0.6777777777777778 0.0703125 0.21388888888888888
0 0.3265625 0.39166666666666666 0.0328125 0.10277777777777777
0 0.315625 0.3333333333333333 0.025 0.08611111111111111
0 0.3765625 0.2777777777777778 0.028125 0.06944444444444445
3 0.575 0.39166666666666666 0.1109375 0.25
0 0.0734375 0.39444444444444443 0.059375 0.06666666666666667
0 0.353125 0.225 0.0203125 0.058333333333333334
