0 0.1375 0.38055555555555554 0.0265625 0.08611111111111111
1 0.74375 0.6972222222222222 0.15 0.2388888888888889
1 0.5953125 0.75 0.1265625 0.24166666666666667
1 0.546875 0.5083333333333333 0.078125 0.14444444444444443
1 0.6171875 0.3972222222222222 0.0578125 0.10277777777777777
1 0.690625 0.2388888888888889 0.0375 0.05277777777777778
1 0.609375 0.2833333333333333 0.0453125 0.06388888888888888
1 0.6515625 0.25555555555555554 0.05 0.05555555555555555
1 0.5203125 0.32222222222222224 0.05 0.08333333333333333
1 0.5875 0.3111111111111111 0.046875 0.06111111111111111
1 0.565625 0.26666666666666666 0.0375 0.05
2 0.728125 0.20277777777777778 0.0515625 0.05555555555555555
3 0.45 0.2 0.11875 0.10555555555555556
0 0.1734375 0.26944444444444443 0.015625 0.06388888888888888
