0 0.403125 0.5138888888888888 0.0328125 0.11666666666666667
0 0.028125 0.5638888888888889 0.0421875 0.12777777777777777
1 0.6109375 0.7125 0.1484375 0.28055555555555556
1 0.703125 0.5972222222222222 0.134375 0.2
1 0.5265625 0.44722222222222224 0.06875 0.125
1 0.5125 0.33194444444444443 0.05 0.08055555555555556
1 0.603125 0.3958333333333333 0.065625 0.1111111111111111
1 0.53359375 0.2638888888888889 0.040625 0.05555555555555555
1 0.5921875 0.2916666666666667 0.04375 0.07222222222222222
1 0.61328125 0.25555555555555554 0.0421875 0.05555555555555555
3 0.54140625 0.19583333333333333 0.115625 0.09444444444444444
1 0.3125 0.3388888888888889 0.05625 0.08888888888888889
