1 0.19375 0.6888888888888889 0.2265625 0.35
1 0.46953125 0.44027777777777777 0.09375 0.1638888888888889
1 0.5140625 0.22777777777777777 0.0640625 0.075
1 0.375 0.2263888888888889 0.05 0.075
1 0.42421875 0.25555555555555554 0.05 0.075
1 0.4453125 0.22083333333333333 0.0546875 0.06666666666666667
1 0.45625 0.25277777777777777 0.0421875 0.06388888888888888
2 0.3328125 0.425 0.140625 0.25277777777777777
2 0.421875 0.29444444444444445 0.0484375 0.09444444444444444
2 0.49140625 0.3333333333333333 0.059375 0.11388888888888889
1 0.75625 0.35138888888888886 0.0609375 0.09444444444444444
