1 0.63984375 0.7875 0.1703125 0.31666666666666665
1 0.5546875 0.4791666666666667 0.0953125 0.175
1 0.6625 0.4625 0.10625 0.17222222222222222
1 0.5234375 0.375 0.06875 0.1
1 0.59453125 0.2791666666666667 0.05 0.07777777777777778
1 0.60625 0.35833333333333334 0.065625 0.10833333333333334
1 0.3609375 0.25277777777777777 0.053125 0.06388888888888888
1 0.5390625 0.31527777777777777 0.059375 0.08333333333333333
2 0.8890625 0.7638888888888888 0.221875 0.3111111111111111
2 0.6625 0.17916666666666667 0.1640625 0.15833333333333333
