3 0.553125 0.28888888888888886 0.0734375 0.175
0 0.68984375 0.36527777777777776 0.0265625 0.09444444444444444
0 0.74453125 0.3486111111111111 0.034375 0.08611111111111111
0 0.7046875 0.3388888888888889 0.0265625 0.09722222222222222
0 0.67734375 0.3111111111111111 0.01875 0.05277777777777778
0 0.65703125 0.31805555555555554 0.0265625 0.08055555555555556
0 0.6265625 0.3375 0.025 0.08888888888888889
0 0.60625 0.29583333333333334 0.025 0.075
0 0.77890625 0.4597222222222222 0.0484375 0.1361111111111111
0 0.37578125 0.2638888888888889 0.0203125 0.06388888888888888
0 0.89375 0.7027777777777777 0.0734375 0.2361111111111111
0 0.08046875 0.7527777777777778 0.05 0.17777777777777778
0 0.6828125 0.45 0.0421875 0.11388888888888889
0 0.64921875 0.24722222222222223 0.01875 0.05277777777777778
0 0.678125 0.28888888888888886 0.021875 0.06666666666666667
0 0.59609375 0.2513888888888889 0.01875 0.06666666666666667
