0 0.43125 0.5263888888888889 0.053125 0.15833333333333333
0 0.5125 0.2569444444444444 0.046875 0.11388888888888889
0 0.43359375 0.18472222222222223 0.028125 0.058333333333333334
1 0.5765625 0.6166666666666667 0.1296875 0.28055555555555556
0 0.69375 0.6361111111111111 0.0640625 0.14722222222222223
0 0.65546875 0.475 0.053125 0.10277777777777777
0 0.7703125 0.5569444444444445 0.046875 0.11388888888888889
0 0.79140625 0.7138888888888889 0.0671875 0.15555555555555556
0 0.7609375 0.9 0.084375 0.2
0 0.915625 0.5708333333333333 0.05625 0.08333333333333333
0 0.61875 0.3375 0.0328125 0.08055555555555556
0 0.68046875 0.34305555555555556 0.03125 0.07777777777777778
0 0.64140625 0.2638888888888889 0.0265625 0.05
0 0.74453125 0.6055555555555555 0.0390625 0.10833333333333334
0 0.7734375 0.4777777777777778 0.0328125 0.08055555555555556
0 0.90546875 0.8944444444444445 0.0875 0.20555555555555555
