0 0.16640625 0.3902777777777778 0.0296875 0.09444444444444444
0 0.75234375 0.38055555555555554 0.0328125 0.08888888888888889
1 0.61015625 0.2777777777777778 0.0421875 0.05277777777777778
1 0.88515625 0.5597222222222222 0.1375 0.16944444444444445
1 0.65859375 0.25 0.0359375 0.05277777777777778
1 0.54140625 0.29305555555555557 0.046875 0.06666666666666667
1 0.60703125 0.24166666666666667 0.0375 0.041666666666666664
1 0.603125 0.32222222222222224 0.0359375 0.05555555555555555
2 0.62890625 0.5847222222222223 0.2203125 0.5277777777777778
3 0.6625 0.19444444444444445 0.0765625 0.06666666666666667
