0 0.91875 0.7527777777777778 0.10625 0.23055555555555557
0 0.7296875 0.33055555555555555 0.034375 0.09166666666666666
0 0.675 0.2777777777777778 0.021875 0.07777777777777778
0 0.64921875 0.26666666666666666 0.0203125 0.06666666666666667
0 0.60234375 0.26805555555555555 0.021875 0.07777777777777778
0 0.62578125 0.2569444444444444 0.03125 0.06944444444444445
1 0.553125 0.2777777777777778 0.0625 0.09444444444444444
0 0.35 0.3416666666666667 0.028125 0.08611111111111111
0 0.3203125 0.3388888888888889 0.0328125 0.12222222222222222
0 0.21328125 0.44583333333333336 0.03125 0.09166666666666666
0 0.07421875 0.4388888888888889 0.0578125 0.06388888888888888
0 0.20234375 0.3194444444444444 0.059375 0.06111111111111111
0 0.6609375 0.2375 0.015625 0.04722222222222222
