0 0.66640625 0.4625 0.0546875 0.14166666666666666
0 0.69140625 0.3486111111111111 0.046875 0.10833333333333334
0 0.81484375 0.49722222222222223 0.053125 0.13055555555555556
0 0.9171875 0.5541666666666667 0.0625 0.15555555555555556
0 0.05859375 0.6638888888888889 0.0890625 0.1527777777777778
0 0.0828125 0.4513888888888889 0.06875 0.09444444444444444
0 0.63125 0.30277777777777776 0.0296875 0.075
0 0.6453125 0.20972222222222223 0.01875 0.06111111111111111
0 0.6296875 0.20833333333333334 0.01875 0.058333333333333334
0 0.5828125 0.20833333333333334 0.021875 0.06388888888888888
