0 0.19609375 0.3388888888888889 0.0578125 0.11666666666666667
0 0.2953125 0.3472222222222222 0.04375 0.10277777777777777
0 0.3453125 0.3888888888888889 0.05625 0.14722222222222223
0 0.1625 0.7027777777777777 0.05 0.225
0 0.4171875 0.2916666666666667 0.0328125 0.09166666666666666
0 0.0890625 0.2833333333333333 0.0640625 0.08611111111111111
0 0.36328125 0.2986111111111111 0.046875 0.08333333333333333
0 0.52734375 0.2652777777777778 0.0515625 0.08055555555555556
0 0.38203125 0.225 0.0296875 0.07222222222222222
0 0.62578125 0.2263888888888889 0.0171875 0.05555555555555555
