0 0.909375 0.2833333333333333 0.0625 0.08888888888888889
0 0.771875 0.3527777777777778 0.0390625 0.11388888888888889
0 0.746875 0.5347222222222222 0.071875 0.18611111111111112
0 0.70546875 0.35555555555555557 0.0390625 0.09722222222222222
0 0.7140625 0.2708333333333333 0.0296875 0.06388888888888888
0 0.6765625 0.24722222222222223 0.01875 0.06111111111111111
0 0.66171875 0.25416666666666665 0.021875 0.06944444444444445
0 0.640625 0.25 0.025 0.07222222222222222
0 0.61796875 0.2777777777777778 0.034375 0.1
3 0.540625 0.28055555555555556 0.075 0.13055555555555556
