1 0.528125 0.3111111111111111 0.0515625 0.07222222222222222
1 0.6171875 0.3277777777777778 0.0421875 0.06944444444444445
1 0.5359375 0.2833333333333333 0.046875 0.05555555555555555
2 0.8625 0.8333333333333334 0.2640625 0.3277777777777778
2 0.653125 0.24444444444444444 0.053125 0.08611111111111111
3 0.575 0.5194444444444445 0.1703125 0.3888888888888889
3 0.690625 0.5055555555555555 0.10625 0.23055555555555557
3 0.6125 0.2722222222222222 0.046875 0.09444444444444444
0 0.134375 0.4444444444444444 0.0375 0.11388888888888889
0 0.16875 0.3 0.021875 0.06944444444444445
