1 0.2125 0.8486111111111111 0.234375 0.30277777777777776
1 0.459375 0.4986111111111111 0.09375 0.15555555555555556
1 0.46953125 0.30416666666666664 0.04375 0.06944444444444445
1 0.5359375 0.20833333333333334 0.05625 0.05277777777777778
1 0.39453125 0.34305555555555556 0.0421875 0.06666666666666667
1 0.359375 0.2972222222222222 0.0453125 0.075
2 0.34296875 0.49583333333333335 0.121875 0.20833333333333334
2 0.4078125 0.2972222222222222 0.053125 0.09722222222222222
3 0.40234375 0.7611111111111111 0.2234375 0.4777777777777778
3 0.3625 0.22361111111111112 0.121875 0.1388888888888889
