1 0.6203125 0.38333333333333336 0.0625 0.10833333333333334
1 0.665625 0.25555555555555554 0.0359375 0.05
1 0.2453125 0.43333333333333335 0.078125 0.1388888888888889
1 0.5296875 0.3277777777777778 0.0421875 0.075
1 0.690625 0.2222222222222222 0.0421875 0.04722222222222222
2 0.8078125 0.7277777777777777 0.3109375 0.5388888888888889
2 0.6109375 0.3 0.0625 0.08888888888888889
3 0.540625 0.25277777777777777 0.0453125 0.08333333333333333
3 0.596875 0.2 0.0828125 0.07222222222222222
0 0.171875 0.34444444444444444 0.0296875 0.08333333333333333
