1 0.4328125 0.6763888888888889 0.1515625 0.2833333333333333
1 0.4234375 0.9236111111111112 0.203125 0.1527777777777778
1 0.45 0.4305555555555556 0.0859375 0.15555555555555556
1 0.3984375 0.25833333333333336 0.05625 0.07222222222222222
1 0.6421875 0.1361111111111111 0.059375 0.06666666666666667
0 0.0671875 0.8263888888888888 0.0734375 0.16111111111111112
1 0.4546875 0.3277777777777778 0.05625 0.09166666666666666
1 0.36640625 0.3736111111111111 0.0515625 0.08333333333333333
2 0.23359375 0.7277777777777777 0.3328125 0.5444444444444444
2 0.35 0.30277777777777776 0.0796875 0.12222222222222222
3 0.79296875 0.5708333333333333 0.4140625 0.7361111111111112
