3 0.4046875 0.4861111111111111 0.1265625 0.2972222222222222
0 0.2546875 0.3347222222222222 0.0375 0.09166666666666666
0 0.30859375 0.29305555555555557 0.028125 0.07777777777777778
0 0.340625 0.26805555555555555 0.021875 0.075
1 0.45703125 0.3138888888888889 0.05625 0.09444444444444444
0 0.8390625 0.7569444444444444 0.065625 0.16944444444444445
0 0.928125 0.4236111111111111 0.0546875 0.04722222222222222
0 0.80234375 0.3013888888888889 0.046875 0.027777777777777776
0 0.73671875 0.37083333333333335 0.0390625 0.06388888888888888
0 0.6765625 0.3472222222222222 0.0328125 0.06944444444444445
0 0.63828125 0.30833333333333335 0.025 0.08333333333333333
0 0.40546875 0.28888888888888886 0.025 0.06388888888888888
0 0.40390625 0.21944444444444444 0.0328125 0.05555555555555555
0 0.47109375 0.22083333333333333 0.0203125 0.05555555555555555
