0 0.678125 0.37222222222222223 0.0421875 0.11388888888888889
0 0.3890625 0.5444444444444444 0.053125 0.18055555555555555
0 0.721875 0.32222222222222224 0.03125 0.08333333333333333
0 0.7671875 0.4222222222222222 0.028125 0.08888888888888889
2 0.553125 0.24722222222222223 0.0875 0.14722222222222223
0 0.3046875 0.46111111111111114 0.0390625 0.11666666666666667
0 0.3375 0.37777777777777777 0.040625 0.09444444444444444
0 0.3625 0.3333333333333333 0.0203125 0.06944444444444445
0 0.4078125 0.3333333333333333 0.0390625 0.09166666666666666
0 0.278125 0.3972222222222222 0.025 0.10555555555555556
0 0.2609375 0.34444444444444444 0.025 0.07222222222222222
0 0.209375 0.6583333333333333 0.04375 0.18333333333333332
0 0.1078125 0.5833333333333334 0.08125 0.17777777777777778
0 0.0875 0.4083333333333333 0.0671875 0.08333333333333333
0 0.040625 0.7083333333333334 0.0625 0.18333333333333332
0 0.3109375 0.5611111111111111 0.040625 0.13055555555555556
0 0.346875 0.28888888888888886 0.0203125 0.06944444444444445
0 0.378125 0.2111111111111111 0.0171875 0.058333333333333334
0 0.4109375 0.2722222222222222 0.0203125 0.06944444444444445
0 0.65625 0.225 0.015625 0.058333333333333334
