0 0.60703125 0.31805555555555554 0.01875 0.06666666666666667
1 0.42109375 0.37083333333333335 0.071875 0.14444444444444443
0 0.340625 0.39861111111111114 0.0296875 0.09444444444444444
0 0.27890625 0.44305555555555554 0.034375 0.1
0 0.2609375 0.39444444444444443 0.0375 0.10833333333333334
0 0.0671875 0.4236111111111111 0.053125 0.05
0 0.37265625 0.3138888888888889 0.01875 0.06944444444444445
0 0.340625 0.2972222222222222 0.03125 0.08611111111111111
0 0.215625 0.6319444444444444 0.0609375 0.15555555555555556
0 0.07734375 0.8069444444444445 0.08125 0.21944444444444444
0 0.365625 0.23194444444444445 0.015625 0.04722222222222222
