1 0.55703125 0.29305555555555557 0.065625 0.12222222222222222
0 0.51328125 0.275 0.015625 0.06666666666666667
0 0.47421875 0.27361111111111114 0.03125 0.06111111111111111
0 0.29375 0.3541666666666667 0.0234375 0.08888888888888889
0 0.07578125 0.4097222222222222 0.0546875 0.08333333333333333
0 0.20703125 0.3013888888888889 0.0578125 0.06388888888888888
0 0.909375 0.6430555555555556 0.06875 0.15833333333333333
0 0.6921875 0.30833333333333335 0.021875 0.06388888888888888
0 0.659375 0.3 0.0171875 0.06388888888888888
0 0.640625 0.3125 0.0234375 0.05277777777777778
0 0.60859375 0.2777777777777778 0.0171875 0.05277777777777778
0 0.63203125 0.26805555555555555 0.0234375 0.041666666666666664
0 0.59296875 0.26944444444444443 0.0203125 0.05
0 0.3078125 0.3111111111111111 0.025 0.07222222222222222
