0 0.86328125 0.4847222222222222 0.028125 0.09444444444444444
0 0.97890625 0.6805555555555556 0.034375 0.1527777777777778
1 0.36171875 0.8333333333333334 0.184375 0.3055555555555556
1 0.475 0.3625 0.053125 0.09444444444444444
1 0.3828125 0.37083333333333335 0.0609375 0.10277777777777777
1 0.41953125 0.2916666666666667 0.046875 0.07222222222222222
1 0.47734375 0.32222222222222224 0.04375 0.06944444444444445
1 0.4234375 0.24583333333333332 0.0484375 0.06388888888888888
1 0.4796875 0.28888888888888886 0.0515625 0.07222222222222222
2 0.2015625 0.6777777777777778 0.2640625 0.4666666666666667
2 0.33671875 0.19305555555555556 0.0578125 0.06111111111111111
