0 0.29375 0.45 0.040625 0.11388888888888889
0 0.07734375 0.5388888888888889 0.065625 0.10277777777777777
0 0.15859375 0.4222222222222222 0.0625 0.10833333333333334
0 0.25546875 0.4152777777777778 0.0359375 0.09166666666666666
0 0.3421875 0.32222222222222224 0.040625 0.10555555555555556
0 0.38828125 0.3347222222222222 0.0484375 0.10833333333333334
0 0.5796875 0.2375 0.0265625 0.075
0 0.60234375 0.22916666666666666 0.025 0.06111111111111111
0 0.6234375 0.23055555555555557 0.028125 0.06666666666666667
0 0.63671875 0.20694444444444443 0.0328125 0.075
0 0.659375 0.2388888888888889 0.0328125 0.08333333333333333
0 0.73046875 0.29583333333333334 0.0625 0.10833333333333334
1 0.53515625 0.26944444444444443 0.0640625 0.11666666666666667
