0 0.91953125 0.4388888888888889 0.0671875 0.07222222222222222
2 0.415625 0.23055555555555557 0.0625 0.12222222222222222
0 0.34296875 0.31805555555555554 0.015625 0.04722222222222222
0 0.2984375 0.3277777777777778 0.028125 0.08611111111111111
0 0.3265625 0.2388888888888889 0.0171875 0.05555555555555555
0 0.3765625 0.2152777777777778 0.021875 0.05
0 0.65234375 0.425 0.034375 0.09722222222222222
0 0.684375 0.4 0.0296875 0.10833333333333334
0 0.70703125 0.48055555555555557 0.0390625 0.125
0 0.74140625 0.48055555555555557 0.0328125 0.10833333333333334
0 0.8109375 0.6791666666666667 0.059375 0.14722222222222223
0 0.79375 0.5777777777777777 0.04375 0.10277777777777777
0 0.78203125 0.49027777777777776 0.040625 0.1
0 0.94921875 0.7472222222222222 0.0703125 0.18333333333333332
0 0.64453125 0.2791666666666667 0.0265625 0.075
0 0.5953125 0.33611111111111114 0.0234375 0.075
0 0.61015625 0.25416666666666665 0.0234375 0.06388888888888888
