0 0.153125 0.35555555555555557 0.025 0.08333333333333333
1 0.6578125 0.8888888888888888 0.19375 0.21944444444444444
1 0.571875 0.6277777777777778 0.096875 0.18333333333333332
1 0.83125 0.8083333333333333 0.2171875 0.3111111111111111
1 0.68125 0.24722222222222223 0.04375 0.05
2 0.6578125 0.4111111111111111 0.1203125 0.21944444444444444
3 0.321875 0.22777777777777777 0.078125 0.11944444444444445
3 0.603125 0.28055555555555556 0.0640625 0.13333333333333333
0 0.375 0.3138888888888889 0.03125 0.075
0 0.709375 0.29444444444444445 0.0203125 0.06111111111111111
