1 0.4046875 0.4638888888888889 0.0859375 0.18611111111111112
0 0.275 0.6638888888888889 0.0515625 0.16666666666666666
0 0.1828125 0.7222222222222222 0.046875 0.21944444444444444
0 0.228125 0.41388888888888886 0.0390625 0.1111111111111111
0 0.3015625 0.4222222222222222 0.0265625 0.11944444444444445
0 0.178125 0.5194444444444445 0.0484375 0.14444444444444443
0 0.3046875 0.32222222222222224 0.0234375 0.08055555555555556
0 0.378125 0.34444444444444444 0.025 0.1
0 0.40625 0.3055555555555556 0.0203125 0.06388888888888888
0 0.4390625 0.2972222222222222 0.0171875 0.06666666666666667
0 0.54375 0.28888888888888886 0.01875 0.058333333333333334
0 0.759375 0.4444444444444444 0.034375 0.10555555555555556
0 0.7 0.2861111111111111 0.01875 0.06388888888888888
0 0.4 0.24722222222222223 0.021875 0.05555555555555555
