0 0.3125 0.4263888888888889 0.0375 0.10833333333333334
0 0.70234375 0.3875 0.046875 0.12777777777777777
0 0.8125 0.4388888888888889 0.0578125 0.10833333333333334
0 0.9203125 0.2916666666666667 0.0578125 0.09444444444444444
0 0.76875 0.20833333333333334 0.046875 0.044444444444444446
0 0.5640625 0.27361111111111114 0.0328125 0.07222222222222222
0 0.61171875 0.23333333333333334 0.021875 0.06666666666666667
0 0.61796875 0.31666666666666665 0.0296875 0.08333333333333333
0 0.7453125 0.5541666666666667 0.05 0.14444444444444443
0 0.6375 0.20694444444444443 0.0234375 0.06666666666666667
0 0.63046875 0.2708333333333333 0.03125 0.1
0 0.36171875 0.8888888888888888 0.0796875 0.2222222222222222
