1 0.55 0.3 0.053125 0.10555555555555556
0 0.634375 0.3472222222222222 0.0296875 0.06666666666666667
0 0.340625 0.36944444444444446 0.03125 0.1
0 0.2609375 0.4861111111111111 0.0546875 0.12222222222222222
0 0.39375 0.30833333333333335 0.0203125 0.08333333333333333
0 0.3296875 0.2861111111111111 0.0234375 0.08055555555555556
0 0.36875 0.26944444444444443 0.0171875 0.07222222222222222
0 0.3578125 0.2388888888888889 0.0203125 0.06388888888888888
0 0.61875 0.2361111111111111 0.0171875 0.05
0 0.6046875 0.28055555555555556 0.0234375 0.058333333333333334
3 0.5484375 0.19444444444444445 0.0640625 0.13333333333333333
