0 0.20234375 0.6375 0.0578125 0.1388888888888889
0 0.11171875 0.7194444444444444 0.0578125 0.15833333333333333
0 0.74609375 0.5652777777777778 0.075 0.14722222222222223
0 0.78984375 0.4722222222222222 0.0484375 0.125
0 0.8625 0.4708333333333333 0.0515625 0.15
0 0.73671875 0.38333333333333336 0.0421875 0.11388888888888889
0 0.6875 0.24166666666666667 0.034375 0.08611111111111111
0 0.6640625 0.24583333333333332 0.0265625 0.09444444444444444
0 0.6359375 0.24861111111111112 0.0234375 0.06111111111111111
0 0.5921875 0.2513888888888889 0.03125 0.07222222222222222
1 0.5421875 0.28055555555555556 0.084375 0.1388888888888889
0 0.078125 0.5263888888888889 0.0734375 0.09166666666666666
0 0.19765625 0.3763888888888889 0.05 0.06944444444444445
0 0.61015625 0.24166666666666667 0.021875 0.07777777777777778
0 0.58671875 0.1638888888888889 0.0203125 0.05277777777777778
