1 0.4125 0.38472222222222224 0.071875 0.15833333333333333
0 0.93828125 0.5555555555555556 0.078125 0.19444444444444445
0 0.678125 0.22777777777777777 0.0296875 0.08333333333333333
0 0.1484375 0.7152777777777778 0.0546875 0.12222222222222222
0 0.2171875 0.675 0.0578125 0.1388888888888889
0 0.2796875 0.7388888888888889 0.084375 0.2
0 0.296875 0.49722222222222223 0.0515625 0.11944444444444445
0 0.34609375 0.4666666666666667 0.034375 0.09722222222222222
0 0.3359375 0.3597222222222222 0.03125 0.08611111111111111
0 0.27578125 0.4027777777777778 0.0375 0.08333333333333333
0 0.3140625 0.3375 0.0328125 0.07777777777777778
0 0.3765625 0.30833333333333335 0.03125 0.075
0 0.53203125 0.30277777777777776 0.0328125 0.08611111111111111
