1 0.38046875 0.5652777777777778 0.1203125 0.325
0 0.13046875 0.6208333333333333 0.0984375 0.25555555555555554
0 0.34296875 0.2763888888888889 0.0453125 0.10555555555555556
0 0.39140625 0.29444444444444445 0.0328125 0.08333333333333333
1 0.5671875 0.3472222222222222 0.0671875 0.10555555555555556
0 0.696875 0.38333333333333336 0.028125 0.08333333333333333
0 0.675 0.30972222222222223 0.0234375 0.06944444444444445
0 0.63046875 0.28055555555555556 0.0234375 0.06944444444444445
0 0.090625 0.2833333333333333 0.0625 0.07777777777777778
0 0.9046875 0.8555555555555555 0.071875 0.19722222222222222
0 0.39765625 0.19583333333333333 0.0171875 0.06666666666666667
0 0.38828125 0.19305555555555556 0.021875 0.06666666666666667
0 0.4109375 0.225 0.028125 0.07222222222222222
3 0.7671875 0.7625 0.45 0.475
