2 0.6296875 0.6125 0.2359375 0.5305555555555556
0 0.28984375 0.8458333333333333 0.0734375 0.17777777777777778
0 0.20390625 0.6263888888888889 0.05625 0.14444444444444443
0 0.2765625 0.5111111111111111 0.065625 0.1361111111111111
0 0.35 0.3958333333333333 0.0375 0.1111111111111111
0 0.38984375 0.37777777777777777 0.028125 0.08333333333333333
0 0.41484375 0.32083333333333336 0.025 0.06388888888888888
0 0.321875 0.34444444444444444 0.0359375 0.10555555555555556
0 0.28984375 0.3333333333333333 0.0375 0.08888888888888889
0 0.07734375 0.4583333333333333 0.0671875 0.06666666666666667
1 0.61796875 0.31805555555555554 0.059375 0.10277777777777777
1 0.53671875 0.30833333333333335 0.0578125 0.09444444444444444
1 0.52109375 0.2361111111111111 0.0515625 0.06388888888888888
0 0.63203125 0.22777777777777777 0.025 0.08055555555555556
0 0.65625 0.21666666666666667 0.025 0.08611111111111111
0 0.59140625 0.20416666666666666 0.0265625 0.06111111111111111
0 0.58046875 0.2361111111111111 0.0265625 0.06666666666666667
0 0.35234375 0.2875 0.0203125 0.075
0 0.38046875 0.25 0.0203125 0.06111111111111111
0 0.36484375 0.20833333333333334 0.0171875 0.058333333333333334
0 0.37109375 0.32083333333333336 0.01875 0.06944444444444445
0 0.43671875 0.24583333333333332 0.0234375 0.06388888888888888
0 0.2484375 0.475 0.025 0.09722222222222222
0 0.5609375 0.25 0.0171875 0.06388888888888888
