0 0.93046875 0.7416666666666667 0.075 0.16944444444444445
0 0.7875 0.6194444444444445 0.0578125 0.11666666666666667
0 0.9296875 0.5097222222222222 0.0609375 0.09444444444444444
0 0.80625 0.35833333333333334 0.04375 0.05
0 0.76015625 0.4777777777777778 0.034375 0.11666666666666667
0 0.71171875 0.4597222222222222 0.0390625 0.1
0 0.7328125 0.3902777777777778 0.034375 0.08888888888888889
0 0.70546875 0.39166666666666666 0.0296875 0.07222222222222222
0 0.68359375 0.3333333333333333 0.0234375 0.07222222222222222
0 0.3453125 0.2847222222222222 0.0390625 0.08055555555555556
0 0.315625 0.2569444444444444 0.0296875 0.06944444444444445
2 0.6484375 0.7055555555555556 0.278125 0.5888888888888889
0 0.63671875 0.39166666666666666 0.0328125 0.08611111111111111
0 0.6171875 0.3111111111111111 0.0328125 0.08055555555555556
0 0.64765625 0.3125 0.03125 0.08611111111111111
0 0.678125 0.2833333333333333 0.01875 0.04722222222222222
0 0.57109375 0.2791666666666667 0.040625 0.06388888888888888
