0 0.078125 0.4 0.0703125 0.1
0 0.2078125 0.2833333333333333 0.0375 0.04722222222222222
1 0.3890625 0.5361111111111111 0.128125 0.2638888888888889
0 0.746875 0.38055555555555554 0.0390625 0.09444444444444444
0 0.6359375 0.3 0.0234375 0.07777777777777778
0 0.3671875 0.28888888888888886 0.021875 0.07777777777777778
1 0.434375 0.30277777777777776 0.0546875 0.09722222222222222
0 0.171875 0.5694444444444444 0.046875 0.15555555555555556
0 0.278125 0.33055555555555555 0.0265625 0.08611111111111111
0 0.5234375 0.26666666666666666 0.05 0.06944444444444445
0 0.3640625 0.20277777777777778 0.015625 0.05555555555555555
0 0.4 0.24722222222222223 0.015625 0.06388888888888888
0 0.39375 0.21666666666666667 0.0109375 0.044444444444444446
0 0.596875 0.21388888888888888 0.021875 0.06666666666666667
