1 0.478125 0.25555555555555554 0.04375 0.08333333333333333
1 0.6171875 0.6305555555555555 0.1375 0.2833333333333333
1 0.5765625 0.37083333333333335 0.084375 0.15555555555555556
0 0.7640625 0.5888888888888889 0.046875 0.1361111111111111
0 0.8109375 0.5555555555555556 0.053125 0.12777777777777777
0 0.72265625 0.5 0.0421875 0.125
0 0.74296875 0.44027777777777777 0.025 0.075
0 0.6640625 0.47638888888888886 0.046875 0.11388888888888889
0 0.8578125 0.7013888888888888 0.084375 0.19166666666666668
0 0.803125 0.8194444444444444 0.090625 0.20277777777777778
0 0.92734375 0.5 0.053125 0.08611111111111111
0 0.70546875 0.3402777777777778 0.0296875 0.07777777777777778
0 0.684375 0.3611111111111111 0.0234375 0.08055555555555556
0 0.6546875 0.3388888888888889 0.028125 0.08888888888888889
0 0.63359375 0.3111111111111111 0.0265625 0.07777777777777778
0 0.60859375 0.2861111111111111 0.034375 0.06111111111111111
0 0.9546875 0.7930555555555555 0.0671875 0.2222222222222222
0 0.09765625 0.5791666666666667 0.0671875 0.18055555555555555
1 0.56015625 0.23472222222222222 0.0421875 0.08055555555555556
0 0.65703125 0.2722222222222222 0.01875 0.05277777777777778
