0 0.3125 0.5375 0.0734375 0.20277777777777778
0 0.23203125 0.3416666666666667 0.059375 0.14722222222222223
1 0.4609375 0.28194444444444444 0.078125 0.125
0 0.68671875 0.5305555555555556 0.046875 0.125
0 0.65859375 0.39166666666666666 0.0375 0.09722222222222222
0 0.7421875 0.525 0.04375 0.11666666666666667
0 0.78359375 0.7763888888888889 0.0765625 0.19166666666666668
0 0.9140625 0.5708333333333333 0.084375 0.1
0 0.725 0.35833333333333334 0.0359375 0.08888888888888889
0 0.6265625 0.3263888888888889 0.0359375 0.08333333333333333
0 0.659375 0.2972222222222222 0.0328125 0.08055555555555556
0 0.771875 0.5291666666666667 0.046875 0.125
0 0.590625 0.29444444444444445 0.021875 0.06666666666666667
0 0.63671875 0.2513888888888889 0.0265625 0.06388888888888888
0 0.42421875 0.17222222222222222 0.03125 0.06944444444444445
0 0.44453125 0.2 0.0234375 0.06666666666666667
