0 0.890625 0.5666666666666667 0.0765625 0.17222222222222222
0 0.8046875 0.45694444444444443 0.0578125 0.15833333333333333
0 0.728125 0.4111111111111111 0.0546875 0.15
1 0.53515625 0.2763888888888889 0.065625 0.12777777777777777
0 0.57421875 0.25416666666666665 0.0234375 0.08055555555555556
0 0.590625 0.2388888888888889 0.0234375 0.08333333333333333
0 0.61484375 0.25972222222222224 0.028125 0.09444444444444444
0 0.64140625 0.25833333333333336 0.025 0.07222222222222222
0 0.675 0.2625 0.040625 0.09444444444444444
0 0.07890625 0.8541666666666666 0.0890625 0.2222222222222222
0 0.26640625 0.41944444444444445 0.0375 0.10277777777777777
0 0.07109375 0.5166666666666667 0.0828125 0.09166666666666666
0 0.19296875 0.36944444444444446 0.046875 0.05555555555555555
0 0.3515625 0.24027777777777778 0.021875 0.06111111111111111
0 0.7015625 0.25833333333333336 0.0265625 0.08888888888888889
