0 0.121875 0.5083333333333333 0.0578125 0.14444444444444443
0 0.271875 0.5 0.0484375 0.16111111111111112
0 0.8203125 0.46111111111111114 0.046875 0.10555555555555556
0 0.690625 0.2916666666666667 0.0390625 0.09444444444444444
0 0.3125 0.3111111111111111 0.0296875 0.08333333333333333
0 0.3390625 0.3861111111111111 0.040625 0.12222222222222222
0 0.353125 0.2777777777777778 0.0234375 0.07777777777777778
0 0.3828125 0.29444444444444445 0.0296875 0.08888888888888889
0 0.4109375 0.3 0.0203125 0.08611111111111111
0 0.35625 0.20833333333333334 0.025 0.06666666666666667
0 0.39375 0.21666666666666667 0.0265625 0.06111111111111111
2 0.6359375 0.40555555555555556 0.1546875 0.3111111111111111
1 0.528125 0.2388888888888889 0.046875 0.08055555555555556
0 0.571875 0.2388888888888889 0.0265625 0.06111111111111111
0 0.0796875 0.39166666666666666 0.0671875 0.08611111111111111
0 0.2078125 0.28055555555555556 0.0546875 0.05
0 0.253125 0.4222222222222222 0.03125 0.10277777777777777
