0 0.7546875 0.36666666666666664 0.0625 0.12222222222222222
0 0.7140625 0.3347222222222222 0.0421875 0.1
0 0.77109375 0.21666666666666667 0.053125 0.06111111111111111
0 0.91015625 0.30277777777777776 0.0671875 0.1111111111111111
0 0.56171875 0.2652777777777778 0.0453125 0.08611111111111111
1 0.43046875 0.29583333333333334 0.0734375 0.12222222222222222
0 0.18046875 0.5708333333333333 0.0421875 0.10555555555555556
0 0.2890625 0.36527777777777776 0.028125 0.06944444444444445
0 0.34375 0.3375 0.034375 0.07222222222222222
0 0.32578125 0.33055555555555555 0.025 0.06666666666666667
0 0.36796875 0.30277777777777776 0.0296875 0.06944444444444445
0 0.38671875 0.30694444444444446 0.028125 0.06111111111111111
0 0.48515625 0.27361111111111114 0.0390625 0.08888888888888889
