0 0.215625 0.38472222222222224 0.046875 0.11944444444444445
0 0.3265625 0.275 0.0296875 0.08333333333333333
0 0.75859375 0.5444444444444444 0.0390625 0.11388888888888889
0 0.8140625 0.5555555555555556 0.0421875 0.125
0 0.8203125 0.7625 0.0703125 0.2
0 0.92421875 0.5027777777777778 0.0609375 0.08611111111111111
0 0.74921875 0.4222222222222222 0.040625 0.11388888888888889
0 0.69140625 0.41805555555555557 0.03125 0.09444444444444444
0 0.70703125 0.39444444444444443 0.0375 0.08611111111111111
0 0.64765625 0.3486111111111111 0.028125 0.08611111111111111
0 0.696875 0.3277777777777778 0.021875 0.05555555555555555
0 0.6671875 0.3402777777777778 0.021875 0.06388888888888888
0 0.6234375 0.29583333333333334 0.0234375 0.075
2 0.37421875 0.3333333333333333 0.1140625 0.19722222222222222
0 0.59375 0.2708333333333333 0.0203125 0.058333333333333334
1 0.428125 0.2152777777777778 0.0453125 0.06666666666666667
0 0.37265625 0.2375 0.021875 0.05
0 0.92109375 0.9083333333333333 0.1109375 0.18333333333333332
0 0.65546875 0.2861111111111111 0.0171875 0.03611111111111111
1 0.59765625 0.5472222222222223 0.115625 0.24166666666666667
0 0.39296875 0.19305555555555556 0.0171875 0.044444444444444446
