1 0.54375 0.28055555555555556 0.0546875 0.08333333333333333
0 0.6015625 0.3055555555555556 0.03125 0.08611111111111111
3 0.546875 0.18055555555555555 0.05625 0.11944444444444445
0 0.3234375 0.4722222222222222 0.0390625 0.1361111111111111
0 0.2015625 0.6722222222222223 0.0578125 0.17222222222222222
0 0.278125 0.39444444444444443 0.03125 0.1
0 0.3359375 0.3388888888888889 0.025 0.08333333333333333
0 0.3203125 0.30833333333333335 0.0203125 0.07222222222222222
0 0.3859375 0.30277777777777776 0.0203125 0.075
0 0.3765625 0.25277777777777777 0.021875 0.06388888888888888
0 0.41875 0.23055555555555557 0.0171875 0.05555555555555555
0 0.39375 0.21944444444444444 0.0109375 0.041666666666666664
0 0.5875 0.26666666666666666 0.021875 0.06388888888888888
