1 0.3765625 0.4375 0.0765625 0.125
1 0.41796875 0.3277777777777778 0.0609375 0.12222222222222222
0 0.659375 0.3819444444444444 0.040625 0.11666666666666667
0 0.75625 0.4305555555555556 0.0625 0.16944444444444445
0 0.83359375 0.6291666666666667 0.0859375 0.16111111111111112
0 0.884375 0.46944444444444444 0.065625 0.14444444444444443
0 0.91328125 0.26666666666666666 0.0640625 0.08611111111111111
0 0.6125 0.2902777777777778 0.0328125 0.08055555555555556
0 0.66328125 0.2902777777777778 0.028125 0.08333333333333333
0 0.67734375 0.25833333333333336 0.0359375 0.09444444444444444
0 0.571875 0.22916666666666666 0.028125 0.075
0 0.7359375 0.6069444444444444 0.071875 0.23333333333333334
0 0.634375 0.20972222222222223 0.0234375 0.075
0 0.61640625 0.1986111111111111 0.0234375 0.06944444444444445
0 0.6015625 0.21388888888888888 0.028125 0.06944444444444445
1 0.51640625 0.22916666666666666 0.0515625 0.09722222222222222
