0 0.9265625 0.525 0.0703125 0.12777777777777777
0 0.70234375 0.4166666666666667 0.0359375 0.10277777777777777
0 0.740625 0.5111111111111111 0.046875 0.1388888888888889
0 0.78125 0.6125 0.065625 0.13055555555555556
0 0.4421875 0.5097222222222222 0.0484375 0.1111111111111111
0 0.46796875 0.4125 0.040625 0.10277777777777777
1 0.40234375 0.2638888888888889 0.0640625 0.1111111111111111
0 0.32734375 0.24027777777777778 0.034375 0.09166666666666666
0 0.46796875 0.25416666666666665 0.0234375 0.08055555555555556
2 0.62265625 0.5625 0.203125 0.4888888888888889
0 0.778125 0.45416666666666666 0.0546875 0.1361111111111111
0 0.66328125 0.3402777777777778 0.03125 0.07777777777777778
0 0.6609375 0.275 0.01875 0.05277777777777778
0 0.634375 0.27361111111111114 0.01875 0.058333333333333334
0 0.6609375 0.21666666666666667 0.01875 0.04722222222222222
2 0.59375 0.3013888888888889 0.06875 0.12777777777777777
0 0.53046875 0.25 0.028125 0.07222222222222222
