1 0.75078125 0.6236111111111111 0.1546875 0.24722222222222223
1 0.58359375 0.8152777777777778 0.165625 0.3055555555555556
1 0.578125 0.5430555555555555 0.1046875 0.2111111111111111
3 0.58125 0.36944444444444446 0.0859375 0.16944444444444445
1 0.678125 0.4027777777777778 0.078125 0.14166666666666666
0 0.75859375 0.44722222222222224 0.0328125 0.07222222222222222
0 0.70703125 0.3736111111111111 0.0234375 0.06666666666666667
0 0.68046875 0.3388888888888889 0.0203125 0.06111111111111111
0 0.34765625 0.25277777777777777 0.03125 0.08611111111111111
0 0.22421875 0.35833333333333334 0.0453125 0.1111111111111111
0 0.10625 0.25416666666666665 0.059375 0.07222222222222222
0 0.23984375 0.17777777777777778 0.0484375 0.05555555555555555
0 0.41328125 0.2513888888888889 0.0296875 0.075
0 0.36171875 0.18888888888888888 0.0265625 0.07222222222222222
0 0.4015625 0.1763888888888889 0.021875 0.06666666666666667
