0 0.23515625 0.6777777777777778 0.0765625 0.21666666666666667
1 0.40703125 0.475 0.078125 0.14444444444444443
1 0.63125 0.4861111111111111 0.090625 0.13055555555555556
0 0.73125 0.5138888888888888 0.0515625 0.13055555555555556
0 0.89921875 0.7138888888888889 0.0625 0.18611111111111112
1 0.634375 0.33611111111111114 0.0625 0.09166666666666666
2 0.55234375 0.21388888888888888 0.0671875 0.125
0 0.07734375 0.3680555555555556 0.0609375 0.07777777777777778
0 0.0953125 0.6361111111111111 0.06875 0.20277777777777778
1 0.44765625 0.2916666666666667 0.0453125 0.08611111111111111
0 0.634375 0.25277777777777777 0.021875 0.058333333333333334
