0 0.140625 0.40555555555555556 0.0328125 0.10833333333333334
1 0.5328125 0.325 0.0421875 0.06666666666666667
1 0.6140625 0.3638888888888889 0.0546875 0.09444444444444444
1 0.6734375 0.25 0.040625 0.044444444444444446
1 0.7078125 0.21666666666666667 0.0359375 0.044444444444444446
2 0.76875 0.6583333333333333 0.2734375 0.5111111111111111
2 0.6125 0.29444444444444445 0.0546875 0.08611111111111111
3 0.5484375 0.24444444444444444 0.05625 0.08333333333333333
3 0.6203125 0.2111111111111111 0.08125 0.09444444444444444
3 0.64375 0.2388888888888889 0.040625 0.07777777777777778
1 0.3125 0.2722222222222222 0.05 0.07222222222222222
1 0.175 0.5861111111111111 0.1359375 0.225
