0 0.08203125 0.3 0.059375 0.11388888888888889
0 0.22578125 0.21805555555555556 0.0453125 0.07777777777777778
0 0.19609375 0.5083333333333333 0.0578125 0.10555555555555556
0 0.17421875 0.6263888888888889 0.0625 0.16111111111111112
0 0.27734375 0.6041666666666666 0.0640625 0.15
0 0.28125 0.4708333333333333 0.0515625 0.10555555555555556
0 0.3484375 0.4222222222222222 0.04375 0.12777777777777777
0 0.31796875 0.36527777777777776 0.0390625 0.1
0 0.29921875 0.30972222222222223 0.034375 0.08055555555555556
0 0.34296875 0.29583333333333334 0.028125 0.09444444444444444
0 0.834375 0.5611111111111111 0.0578125 0.11666666666666667
0 0.6625 0.31666666666666665 0.034375 0.08055555555555556
1 0.590625 0.25555555555555554 0.0453125 0.08055555555555556
0 0.52578125 0.27361111111111114 0.0453125 0.09722222222222222
0 0.384375 0.22361111111111112 0.0328125 0.08611111111111111
0 0.071875 0.5444444444444444 0.0953125 0.20277777777777778
0 0.20078125 0.41388888888888886 0.040625 0.10277777777777777
0 0.35390625 0.21388888888888888 0.0265625 0.06666666666666667
2 0.47265625 0.22916666666666666 0.0640625 0.1361111111111111
0 0.43046875 0.21944444444444444 0.0203125 0.06388888888888888
