0 0.828125 0.3375 0.021875 0.07222222222222222
1 0.13515625 0.8638888888888889 0.2296875 0.25277777777777777
1 0.3671875 0.8486111111111111 0.1859375 0.29444444444444445
1 0.3328125 0.6222222222222222 0.103125 0.18333333333333332
1 0.37578125 0.4125 0.0796875 0.12777777777777777
1 0.403125 0.3333333333333333 0.046875 0.075
1 0.32734375 0.21944444444444444 0.0390625 0.041666666666666664
1 0.35859375 0.24583333333333332 0.0359375 0.041666666666666664
2 0.38984375 0.26944444444444443 0.05 0.07222222222222222
3 0.75078125 0.6847222222222222 0.3390625 0.6305555555555555
3 0.4625 0.2152777777777778 0.0828125 0.11388888888888889
