1 0.35390625 0.6527777777777778 0.1703125 0.26944444444444443
1 0.425 0.3958333333333333 0.059375 0.11944444444444445
0 0.34453125 0.3638888888888889 0.025 0.08888888888888889
0 0.64765625 0.40555555555555556 0.0390625 0.10833333333333334
0 0.5984375 0.33194444444444443 0.0328125 0.09166666666666666
0 0.6875 0.3902777777777778 0.04375 0.14166666666666666
0 0.7265625 0.42916666666666664 0.0359375 0.11666666666666667
0 0.8578125 0.6833333333333333 0.05 0.1388888888888889
0 0.96796875 0.7166666666666667 0.0640625 0.16111111111111112
0 0.91796875 0.35833333333333334 0.0515625 0.03888888888888889
0 0.68984375 0.29305555555555557 0.025 0.06388888888888888
0 0.62421875 0.30416666666666664 0.0234375 0.08333333333333333
0 0.584375 0.2361111111111111 0.0203125 0.07777777777777778
0 0.6453125 0.21944444444444444 0.0234375 0.06666666666666667
0 0.6296875 0.2263888888888889 0.01875 0.05555555555555555
0 0.609375 0.22777777777777777 0.0171875 0.05277777777777778
