1 0.6515625 0.8638888888888889 0.1859375 0.24722222222222223
1 0.5796875 0.575 0.1046875 0.2
1 0.6265625 0.36666666666666664 0.053125 0.08888888888888889
1 0.45625 0.22777777777777777 0.053125 0.044444444444444446
1 0.525 0.3138888888888889 0.0515625 0.06944444444444445
1 0.5328125 0.38055555555555554 0.0640625 0.125
2 0.88125 0.7805555555555556 0.234375 0.4361111111111111
2 0.603125 0.26944444444444443 0.0640625 0.11388888888888889
2 0.6890625 0.23055555555555557 0.053125 0.05555555555555555
3 0.3546875 0.4638888888888889 0.1515625 0.4583333333333333
