0 0.4109375 0.5527777777777778 0.0578125 0.16944444444444445
0 0.6671875 0.4305555555555556 0.0328125 0.08333333333333333
0 0.7515625 0.45416666666666666 0.040625 0.09166666666666666
0 0.92578125 0.49166666666666664 0.0671875 0.10277777777777777
0 0.803125 0.35 0.0421875 0.06944444444444445
0 0.66796875 0.3458333333333333 0.0328125 0.09444444444444444
0 0.33671875 0.26805555555555555 0.028125 0.08055555555555556
0 0.61875 0.2625 0.021875 0.06944444444444445
0 0.47890625 0.2125 0.01875 0.05277777777777778
0 0.46875 0.2638888888888889 0.025 0.06944444444444445
0 0.36015625 0.22361111111111112 0.021875 0.06388888888888888
0 0.38125 0.2388888888888889 0.021875 0.07222222222222222
0 0.41640625 0.225 0.01875 0.05555555555555555
0 0.40546875 0.20555555555555555 0.0203125 0.05555555555555555
0 0.66171875 0.25555555555555554 0.021875 0.06666666666666667
0 0.64921875 0.23055555555555557 0.0140625 0.05555555555555555
0 0.4375 0.4444444444444444 0.040625 0.10555555555555556
