1 0.41796875 0.7236111111111111 0.1765625 0.2972222222222222
1 0.41328125 0.4930555555555556 0.115625 0.225
1 0.44375 0.2708333333333333 0.0421875 0.08055555555555556
1 0.37421875 0.28888888888888886 0.0515625 0.08611111111111111
1 0.32265625 0.4166666666666667 0.090625 0.15
0 0.2453125 0.7333333333333333 0.0921875 0.18888888888888888
0 0.26875 0.5680555555555555 0.0734375 0.14444444444444443
0 0.27109375 0.4583333333333333 0.034375 0.09444444444444444
0 0.67265625 0.2611111111111111 0.040625 0.1
0 0.6140625 0.26666666666666666 0.0515625 0.10277777777777777
0 0.54609375 0.2722222222222222 0.0328125 0.08888888888888889
0 0.76015625 0.18888888888888888 0.046875 0.05555555555555555
0 0.89375 0.25416666666666665 0.0859375 0.11666666666666667
3 0.415625 0.36666666666666664 0.084375 0.14722222222222223
0 0.3203125 0.30694444444444446 0.0296875 0.07222222222222222
0 0.25390625 0.4305555555555556 0.0390625 0.08333333333333333
