1 0.615625 0.3638888888888889 0.0828125 0.15
1 0.12734375 0.7763888888888889 0.2140625 0.37777777777777777
1 0.51015625 0.34305555555555556 0.05625 0.09166666666666666
1 0.62421875 0.20833333333333334 0.0453125 0.06944444444444445
1 0.55390625 0.21805555555555556 0.0453125 0.06944444444444445
2 0.834375 0.6277777777777778 0.33125 0.6055555555555555
2 0.58671875 0.2777777777777778 0.059375 0.10277777777777777
3 0.5078125 0.2513888888888889 0.0703125 0.13055555555555556
3 0.54609375 0.1763888888888889 0.084375 0.10277777777777777
1 0.26328125 0.43472222222222223 0.0625 0.12777777777777777
0 0.16953125 0.4222222222222222 0.0296875 0.08055555555555556
