1 0.378125 0.5319444444444444 0.0984375 0.1638888888888889
2 0.340625 0.33611111111111114 0.1296875 0.23333333333333334
0 0.6390625 0.3638888888888889 0.034375 0.1
0 0.60859375 0.3472222222222222 0.0265625 0.09444444444444444
1 0.5453125 0.3333333333333333 0.065625 0.13055555555555556
0 0.71484375 0.3597222222222222 0.05 0.12777777777777777
0 0.68046875 0.31666666666666665 0.040625 0.10555555555555556
0 0.78046875 0.36944444444444446 0.0390625 0.10555555555555556
0 0.7625 0.4236111111111111 0.059375 0.1527777777777778
0 0.76484375 0.5805555555555556 0.0578125 0.16944444444444445
0 0.72265625 0.4861111111111111 0.05625 0.11388888888888889
0 0.85234375 0.41805555555555557 0.0515625 0.125
0 0.9296875 0.6722222222222223 0.0625 0.1638888888888889
0 0.9015625 0.2611111111111111 0.0640625 0.09166666666666666
0 0.6515625 0.25555555555555554 0.0328125 0.10833333333333334
0 0.62421875 0.2638888888888889 0.0203125 0.05
0 0.6046875 0.25833333333333336 0.0390625 0.1
0 0.64609375 0.29305555555555557 0.025 0.07777777777777778
0 0.6078125 0.2777777777777778 0.028125 0.08055555555555556
0 0.621875 0.25833333333333336 0.0234375 0.06388888888888888
1 0.52421875 0.23055555555555557 0.0421875 0.07222222222222222
0 0.58125 0.1986111111111111 0.021875 0.06111111111111111
0 0.5625 0.2152777777777778 0.0234375 0.06944444444444445
