1 0.4296875 0.38055555555555554 0.06875 0.125
1 0.3375 0.8277777777777777 0.1515625 0.33055555555555555
0 0.790625 0.46111111111111114 0.0296875 0.11666666666666667
0 0.896875 0.6833333333333333 0.0484375 0.14166666666666666
0 0.653125 0.3888888888888889 0.0296875 0.10833333333333334
1 0.5984375 0.3611111111111111 0.0609375 0.1
1 0.61875 0.2777777777777778 0.046875 0.07222222222222222
0 0.075 0.39444444444444443 0.06875 0.09166666666666666
0 0.3765625 0.3138888888888889 0.0359375 0.09444444444444444
0 0.35625 0.28888888888888886 0.0234375 0.075
0 0.659375 0.8722222222222222 0.0640625 0.22777777777777777
0 0.5296875 0.2611111111111111 0.01875 0.06944444444444445
0 0.5578125 0.25 0.01875 0.06111111111111111
2 0.5390625 0.19444444444444445 0.05625 0.10277777777777777
0 0.4 0.2222222222222222 0.015625 0.058333333333333334
0 0.375 0.2388888888888889 0.015625 0.04722222222222222
0 0.3421875 0.25 0.015625 0.06666666666666667
