1 0.5921875 0.6527777777777778 0.11875 0.225
1 0.534375 0.22083333333333333 0.0546875 0.05277777777777778
1 0.53125 0.39444444444444443 0.0625 0.11388888888888889
2 0.88828125 0.7458333333333333 0.2234375 0.44722222222222224
2 0.61171875 0.35 0.0671875 0.13055555555555556
2 0.725 0.9125 0.271875 0.1527777777777778
3 0.71328125 0.5138888888888888 0.1515625 0.2361111111111111
3 0.59765625 0.2625 0.0609375 0.08611111111111111
3 0.43203125 0.20555555555555555 0.059375 0.06944444444444445
3 0.61953125 0.20555555555555555 0.0640625 0.06111111111111111
