0 0.8953125 0.21388888888888888 0.075 0.1361111111111111
0 0.665625 0.2777777777777778 0.040625 0.10555555555555556
0 0.72265625 0.33611111111111114 0.053125 0.14166666666666666
0 0.7828125 0.4 0.071875 0.1388888888888889
0 0.44921875 0.55 0.053125 0.11666666666666667
0 0.45078125 0.44305555555555554 0.0453125 0.10555555555555556
1 0.35703125 0.35555555555555557 0.06875 0.11944444444444445
0 0.2828125 0.3875 0.0375 0.09444444444444444
0 0.41484375 0.2986111111111111 0.028125 0.08333333333333333
2 0.6265625 0.46805555555555556 0.225 0.5083333333333333
0 0.74296875 0.2569444444444444 0.0609375 0.14166666666666666
0 0.6125 0.2361111111111111 0.034375 0.08055555555555556
0 0.5953125 0.17777777777777778 0.0203125 0.05555555555555555
0 0.5703125 0.19583333333333333 0.021875 0.06111111111111111
0 0.5828125 0.12361111111111112 0.021875 0.05
2 0.53984375 0.2513888888888889 0.0734375 0.1361111111111111
0 0.4703125 0.25 0.03125 0.075
