0 0.70078125 0.36944444444444446 0.0234375 0.08333333333333333
0 0.0875 0.3486111111111111 0.071875 0.08333333333333333
0 0.221875 0.24583333333333332 0.0484375 0.06944444444444445
0 0.3328125 0.2847222222222222 0.0296875 0.08888888888888889
0 0.39140625 0.2722222222222222 0.0296875 0.075
0 0.58515625 0.33194444444444443 0.034375 0.09444444444444444
0 0.6171875 0.30277777777777776 0.021875 0.06666666666666667
0 0.653125 0.30416666666666664 0.025 0.06388888888888888
0 0.0453125 0.5833333333333334 0.0703125 0.15
0 0.12890625 0.7736111111111111 0.0796875 0.2222222222222222
0 0.6078125 0.7777777777777778 0.075 0.2111111111111111
0 0.42578125 0.23194444444444445 0.0234375 0.07222222222222222
0 0.37734375 0.19027777777777777 0.01875 0.06388888888888888
0 0.39375 0.21944444444444444 0.0203125 0.058333333333333334
0 0.69375 0.30416666666666664 0.0234375 0.06388888888888888
0 0.5625 0.2569444444444444 0.01875 0.06111111111111111
