1 0.7125 0.5222222222222223 0.1140625 0.17777777777777778
0 0.571875 0.575 0.075 0.19444444444444445
0 0.596875 0.3527777777777778 0.0453125 0.11944444444444445
0 0.73125 0.36666666666666664 0.0296875 0.08333333333333333
0 0.6734375 0.25 0.0203125 0.07222222222222222
0 0.146875 0.4861111111111111 0.0375 0.11666666666666667
0 0.078125 0.40555555555555556 0.0828125 0.075
0 0.35625 0.2722222222222222 0.0171875 0.05277777777777778
0 0.3625 0.3111111111111111 0.0171875 0.06388888888888888
2 0.4234375 0.28888888888888886 0.0890625 0.21666666666666667
0 0.6421875 0.2111111111111111 0.0140625 0.06111111111111111
0 0.3828125 0.23333333333333334 0.015625 0.058333333333333334
