1 0.57421875 0.30694444444444446 0.0703125 0.1388888888888889
0 0.7296875 0.5680555555555555 0.0515625 0.12777777777777777
0 0.74375 0.4444444444444444 0.04375 0.11944444444444445
0 0.709375 0.3680555555555556 0.028125 0.07777777777777778
0 0.696875 0.3472222222222222 0.0265625 0.08055555555555556
0 0.67265625 0.35694444444444445 0.0390625 0.09166666666666666
0 0.65390625 0.31527777777777777 0.0328125 0.07222222222222222
0 0.63359375 0.31527777777777777 0.0390625 0.08055555555555556
0 0.61171875 0.3125 0.0265625 0.075
0 0.3328125 0.2791666666666667 0.0390625 0.10555555555555556
0 0.08828125 0.2916666666666667 0.0828125 0.10277777777777777
0 0.23359375 0.20555555555555555 0.05625 0.05555555555555555
0 0.3828125 0.21388888888888888 0.03125 0.07222222222222222
0 0.7765625 0.43472222222222223 0.0296875 0.09722222222222222
