1 0.62734375 0.6666666666666666 0.140625 0.2611111111111111
1 0.521875 0.39444444444444443 0.084375 0.15555555555555556
1 0.62734375 0.3958333333333333 0.1015625 0.16944444444444445
1 0.5015625 0.3138888888888889 0.0515625 0.08055555555555556
1 0.57890625 0.33055555555555555 0.0546875 0.08333333333333333
1 0.6234375 0.19305555555555556 0.0453125 0.05555555555555555
1 0.50703125 0.26944444444444443 0.0515625 0.07222222222222222
1 0.57421875 0.25833333333333336 0.0484375 0.08333333333333333
2 0.78515625 0.5736111111111111 0.2703125 0.4722222222222222
3 0.5875 0.1597222222222222 0.0875 0.09444444444444444
