0 0.8875 0.4486111111111111 0.0671875 0.18055555555555555
0 0.78515625 0.4083333333333333 0.053125 0.1111111111111111
0 0.615625 0.24305555555555555 0.0375 0.075
0 0.75703125 0.1736111111111111 0.0453125 0.06666666666666667
0 0.9 0.21666666666666667 0.0640625 0.10833333333333334
1 0.421875 0.32222222222222224 0.0625 0.12777777777777777
0 0.23046875 0.5277777777777778 0.059375 0.11666666666666667
0 0.28828125 0.39305555555555555 0.03125 0.075
0 0.3390625 0.3625 0.034375 0.08611111111111111
0 0.36328125 0.33194444444444443 0.025 0.06944444444444445
0 0.3796875 0.31805555555555554 0.025 0.06666666666666667
0 0.303125 0.36944444444444446 0.028125 0.07777777777777778
0 0.52578125 0.24861111111111112 0.0640625 0.10833333333333334
0 0.31640625 0.3638888888888889 0.028125 0.07222222222222222
