3 0.6703125 0.6013888888888889 0.334375 0.7972222222222223
2 0.4125 0.3972222222222222 0.1375 0.3333333333333333
0 0.92421875 0.4444444444444444 0.06875 0.1
0 0.71484375 0.325 0.01875 0.06388888888888888
0 0.590625 0.2361111111111111 0.01875 0.04722222222222222
0 0.5671875 0.24444444444444444 0.021875 0.044444444444444446
0 0.371875 0.2875 0.0265625 0.08055555555555556
0 0.35390625 0.20833333333333334 0.0171875 0.05555555555555555
0 0.41171875 0.19166666666666668 0.0203125 0.06111111111111111
0 0.3921875 0.17777777777777778 0.015625 0.04722222222222222
0 0.37265625 0.19305555555555556 0.021875 0.06944444444444445
