1 0.63125 0.7888888888888889 0.165625 0.31666666666666665
1 0.5859375 0.5111111111111111 0.0875 0.17222222222222222
3 0.56875 0.3527777777777778 0.0796875 0.14722222222222223
0 0.80625 0.5222222222222223 0.0421875 0.14722222222222223
1 0.7 0.45 0.109375 0.18611111111111112
0 0.7109375 0.3388888888888889 0.0328125 0.09722222222222222
0 0.746875 0.35833333333333334 0.0234375 0.11666666666666667
1 0.6421875 0.30277777777777776 0.065625 0.12222222222222222
0 0.675 0.2611111111111111 0.0171875 0.07222222222222222
0 0.640625 0.24444444444444444 0.01875 0.05277777777777778
0 0.384375 0.2611111111111111 0.028125 0.075
0 0.075 0.4 0.0609375 0.08611111111111111
0 0.20625 0.28888888888888886 0.0421875 0.058333333333333334
