1 0.5765625 0.3138888888888889 0.053125 0.09722222222222222
0 0.75 0.4166666666666667 0.0328125 0.09444444444444444
0 0.290625 0.4083333333333333 0.028125 0.10277777777777777
0 0.0796875 0.4 0.0421875 0.075
0 0.2484375 0.3333333333333333 0.05625 0.10277777777777777
0 0.6453125 0.25 0.015625 0.06388888888888888
0 0.6640625 0.22777777777777777 0.009375 0.04722222222222222
0 0.5328125 0.22777777777777777 0.01875 0.06666666666666667
0 0.415625 0.2611111111111111 0.0171875 0.06666666666666667
0 0.434375 0.25277777777777777 0.0140625 0.058333333333333334
