2 0.3765625 0.3347222222222222 0.0828125 0.15833333333333333
0 0.29453125 0.45555555555555555 0.0359375 0.09166666666666666
0 0.24453125 0.4625 0.0359375 0.09722222222222222
0 0.77578125 0.47638888888888886 0.0390625 0.10555555555555556
0 0.78359375 0.4152777777777778 0.053125 0.10833333333333334
0 0.68046875 0.3875 0.0421875 0.11388888888888889
0 0.690625 0.33194444444444443 0.034375 0.09722222222222222
0 0.70546875 0.3 0.025 0.08055555555555556
0 0.66015625 0.2861111111111111 0.028125 0.08611111111111111
0 0.63359375 0.2986111111111111 0.028125 0.08055555555555556
0 0.590625 0.2916666666666667 0.0234375 0.08333333333333333
0 0.54921875 0.2833333333333333 0.025 0.05555555555555555
0 0.61328125 0.25277777777777777 0.0234375 0.07222222222222222
0 0.584375 0.22916666666666666 0.0265625 0.06111111111111111
0 0.90859375 0.2972222222222222 0.06875 0.09166666666666666
0 0.32734375 0.31527777777777777 0.025 0.07222222222222222
0 0.94765625 0.6736111111111112 0.0859375 0.20833333333333334
0 0.80234375 0.3763888888888889 0.0390625 0.1111111111111111
