1 0.8765625 0.7583333333333333 0.246875 0.31666666666666665
1 0.5546875 0.4722222222222222 0.0984375 0.16944444444444445
1 0.67890625 0.5083333333333333 0.1390625 0.225
1 0.5953125 0.23333333333333334 0.0484375 0.07222222222222222
1 0.59140625 0.36666666666666664 0.078125 0.125
1 0.584375 0.2763888888888889 0.05 0.07222222222222222
1 0.6328125 0.7861111111111111 0.2046875 0.4027777777777778
1 0.653125 0.19027777777777777 0.0421875 0.06388888888888888
1 0.50859375 0.31666666666666665 0.059375 0.10833333333333334
2 0.48125 0.21805555555555556 0.1546875 0.16111111111111112
3 0.64921875 0.16527777777777777 0.053125 0.09444444444444444
