0 0.96015625 0.42777777777777776 0.078125 0.17777777777777778
1 0.6390625 0.7125 0.1828125 0.3277777777777778
1 0.5015625 0.3763888888888889 0.0796875 0.13333333333333333
1 0.57734375 0.3402777777777778 0.0609375 0.1111111111111111
1 0.32109375 0.28194444444444444 0.05625 0.06944444444444445
1 0.64609375 0.42916666666666664 0.084375 0.1361111111111111
1 0.57265625 0.2708333333333333 0.05 0.07777777777777778
1 0.8296875 0.3597222222222222 0.0828125 0.1638888888888889
2 0.74140625 0.525 0.2171875 0.37777777777777777
2 0.65546875 0.15 0.046875 0.07222222222222222
2 0.5765625 0.21666666666666667 0.0640625 0.09166666666666666
3 0.53984375 0.18472222222222223 0.0984375 0.13333333333333333
