0 0.70625 0.6597222222222222 0.059375 0.15833333333333333
0 0.846875 0.3736111111111111 0.0265625 0.075
1 0.43125 0.5583333333333333 0.1140625 0.2222222222222222
1 0.478125 0.22083333333333333 0.059375 0.06944444444444445
1 0.2828125 0.5388888888888889 0.1390625 0.225
1 0.46875 0.42916666666666664 0.071875 0.11666666666666667
1 0.48984375 0.28194444444444444 0.0546875 0.08333333333333333
1 0.33671875 0.19305555555555556 0.0453125 0.058333333333333334
2 0.4046875 0.2638888888888889 0.071875 0.14444444444444443
3 0.37109375 0.3625 0.071875 0.14722222222222223
0 0.30078125 0.2638888888888889 0.0234375 0.06388888888888888
