1 0.4578125 0.48333333333333334 0.084375 0.14722222222222223
1 0.36953125 0.9291666666666667 0.1859375 0.14166666666666666
1 0.45703125 0.2916666666666667 0.0421875 0.06944444444444445
1 0.35625 0.2902777777777778 0.0453125 0.06666666666666667
1 0.37734375 0.3194444444444444 0.0421875 0.06944444444444445
1 0.3171875 0.27361111111111114 0.053125 0.058333333333333334
1 0.5953125 0.19305555555555556 0.0546875 0.06388888888888888
2 0.20546875 0.7958333333333333 0.2890625 0.4083333333333333
2 0.35234375 0.48194444444444445 0.121875 0.20833333333333334
3 0.4703125 0.20694444444444443 0.0828125 0.08611111111111111
