0 0.1609375 0.35 0.0171875 0.07777777777777778
1 0.559375 0.5722222222222222 0.0921875 0.18333333333333332
1 0.61875 0.3972222222222222 0.0609375 0.1
1 0.4734375 0.22777777777777777 0.0546875 0.05277777777777778
1 0.603125 0.32222222222222224 0.053125 0.06111111111111111
1 0.528125 0.3277777777777778 0.053125 0.075
1 0.55 0.29444444444444445 0.04375 0.07222222222222222
1 0.5515625 0.25555555555555554 0.040625 0.05555555555555555
1 0.5390625 0.3972222222222222 0.0609375 0.12222222222222222
1 0.659375 0.25 0.0421875 0.05
2 0.7625 0.6694444444444444 0.2109375 0.36666666666666664
