1 0.675 0.8472222222222222 0.2125 0.26666666666666666
0 0.80546875 0.5375 0.06875 0.14722222222222223
3 0.55859375 0.30416666666666664 0.15 0.3111111111111111
1 0.6390625 0.32083333333333336 0.0578125 0.12222222222222222
0 0.72109375 0.3194444444444444 0.03125 0.07222222222222222
0 0.746875 0.39444444444444443 0.0328125 0.08055555555555556
0 0.69765625 0.3013888888888889 0.034375 0.08055555555555556
0 0.315625 0.6277777777777778 0.0703125 0.14722222222222223
0 0.07109375 0.5138888888888888 0.0609375 0.09166666666666666
0 0.6890625 0.22777777777777777 0.025 0.07222222222222222
0 0.6640625 0.24305555555555555 0.0234375 0.06944444444444445
0 0.61875 0.23055555555555557 0.025 0.075
0 0.6359375 0.21666666666666667 0.01875 0.06666666666666667
