1 0.61015625 0.4666666666666667 0.0828125 0.15
0 0.7203125 0.6166666666666667 0.059375 0.1361111111111111
0 0.76640625 0.5888888888888889 0.0421875 0.10833333333333334
0 0.84375 0.7319444444444444 0.0546875 0.125
0 0.7546875 0.48333333333333334 0.0359375 0.08333333333333333
0 0.72421875 0.49166666666666664 0.0359375 0.09166666666666666
0 0.69296875 0.44305555555555554 0.0390625 0.10277777777777777
0 0.715625 0.4125 0.028125 0.08055555555555556
0 0.6515625 0.3541666666666667 0.025 0.06111111111111111
1 0.584375 0.325 0.0625 0.11944444444444445
1 0.6265625 0.8013888888888889 0.240625 0.3972222222222222
1 0.4734375 0.2916666666666667 0.0578125 0.10277777777777777
0 0.84609375 0.6416666666666667 0.0515625 0.11388888888888889
0 0.678125 0.3611111111111111 0.0234375 0.05555555555555555
0 0.69453125 0.325 0.0203125 0.044444444444444446
0 0.65859375 0.31666666666666665 0.0234375 0.05
0 0.6359375 0.3055555555555556 0.028125 0.06666666666666667
