0 0.69140625 0.2513888888888889 0.03125 0.09444444444444444
0 0.675 0.2625 0.0203125 0.06388888888888888
0 0.6578125 0.24722222222222223 0.03125 0.08611111111111111
0 0.63671875 0.24305555555555555 0.025 0.06111111111111111
0 0.6125 0.2388888888888889 0.0265625 0.07222222222222222
0 0.5890625 0.24583333333333332 0.0265625 0.08333333333333333
0 0.5703125 0.25277777777777777 0.0203125 0.05277777777777778
1 0.5359375 0.28888888888888886 0.0671875 0.12777777777777777
0 0.078125 0.5305555555555556 0.084375 0.09444444444444444
0 0.19140625 0.3763888888888889 0.0484375 0.06666666666666667
0 0.49921875 0.3 0.03125 0.08055555555555556
0 0.63984375 0.29305555555555557 0.0203125 0.075
0 0.3328125 0.2875 0.0265625 0.08055555555555556
0 0.3234375 0.2847222222222222 0.0203125 0.06111111111111111
