0 0.24765625 0.3958333333333333 0.0703125 0.14722222222222223
0 0.1 0.25 0.071875 0.1
0 0.24140625 0.17777777777777778 0.040625 0.058333333333333334
0 0.3375 0.3625 0.05625 0.125
1 0.4234375 0.38055555555555554 0.0828125 0.1527777777777778
0 0.34296875 0.2875 0.0265625 0.09166666666666666
0 0.378125 0.22361111111111112 0.021875 0.06944444444444445
0 0.3375 0.22916666666666666 0.0265625 0.07777777777777778
0 0.41875 0.26805555555555555 0.034375 0.08333333333333333
0 0.86796875 0.9208333333333333 0.1015625 0.15833333333333333
0 0.8921875 0.7763888888888889 0.0625 0.15555555555555556
