0 0.0859375 0.2902777777777778 0.0796875 0.10833333333333334
0 0.22109375 0.21666666666666667 0.053125 0.08055555555555556
1 0.36015625 0.5486111111111112 0.125 0.25555555555555554
0 0.3171875 0.3416666666666667 0.0484375 0.08888888888888889
0 0.38671875 0.28055555555555556 0.028125 0.08055555555555556
0 0.32109375 0.26944444444444443 0.03125 0.07777777777777778
0 0.69375 0.3263888888888889 0.0265625 0.07777777777777778
0 0.53828125 0.2763888888888889 0.053125 0.09166666666666666
1 0.46640625 0.24444444444444444 0.0484375 0.08888888888888889
0 0.13359375 0.44722222222222224 0.0703125 0.14722222222222223
0 0.13984375 0.6625 0.103125 0.18333333333333332
0 0.91328125 0.5416666666666666 0.0640625 0.08333333333333333
0 0.378125 0.2222222222222222 0.0203125 0.058333333333333334
0 0.41328125 0.2375 0.021875 0.075
0 0.39765625 0.18194444444444444 0.021875 0.06388888888888888
0 0.6796875 0.2861111111111111 0.0171875 0.06111111111111111
