0 0.75 0.3611111111111111 0.0234375 0.10833333333333334
0 0.778125 0.41944444444444445 0.0375 0.12222222222222222
0 0.684375 0.2861111111111111 0.0171875 0.07222222222222222
1 0.61875 0.375 0.0609375 0.1111111111111111
1 0.571875 0.28055555555555556 0.046875 0.09722222222222222
1 0.715625 0.8388888888888889 0.184375 0.31666666666666665
1 0.3921875 0.5611111111111111 0.0953125 0.19166666666666668
1 0.278125 0.49444444444444446 0.103125 0.18055555555555555
0 0.0796875 0.4 0.0671875 0.05555555555555555
0 0.209375 0.2861111111111111 0.0515625 0.044444444444444446
0 0.2015625 0.4583333333333333 0.040625 0.09444444444444444
0 0.2296875 0.39166666666666666 0.025 0.06111111111111111
0 0.3140625 0.37222222222222223 0.0296875 0.09166666666666666
0 0.28125 0.37777777777777777 0.0359375 0.06944444444444445
0 0.340625 0.3111111111111111 0.0203125 0.07777777777777778
0 0.5125 0.275 0.0390625 0.06388888888888888
0 0.3203125 0.3111111111111111 0.025 0.044444444444444446
0 0.3703125 0.41944444444444445 0.0328125 0.09722222222222222
3 0.4359375 0.25555555555555554 0.0703125 0.175
0 0.3296875 0.26666666666666666 0.0140625 0.058333333333333334
0 0.371875 0.24722222222222223 0.0171875 0.06388888888888888
0 0.3875 0.20833333333333334 0.0140625 0.05555555555555555
0 0.384375 0.2861111111111111 0.0171875 0.06111111111111111
0 0.3609375 0.28888888888888886 0.015625 0.06388888888888888
