1 0.6609375 0.8111111111111111 0.20625 0.37777777777777777
0 0.71328125 0.45555555555555555 0.059375 0.12222222222222222
0 0.4 0.2972222222222222 0.040625 0.1
0 0.36171875 0.2916666666666667 0.0390625 0.08888888888888889
0 0.2921875 0.2902777777777778 0.0359375 0.08055555555555556
0 0.25625 0.26805555555555555 0.0453125 0.08333333333333333
0 0.2640625 0.3763888888888889 0.0703125 0.1388888888888889
0 0.1015625 0.25277777777777777 0.0734375 0.10555555555555556
0 0.72265625 0.3902777777777778 0.046875 0.09444444444444444
0 0.3671875 0.2222222222222222 0.028125 0.08055555555555556
0 0.41796875 0.15694444444444444 0.0203125 0.058333333333333334
0 0.43515625 0.18611111111111112 0.0203125 0.05555555555555555
