1 0.33671875 0.7208333333333333 0.1859375 0.3472222222222222
1 0.41484375 0.4875 0.13125 0.2361111111111111
1 0.2921875 0.3972222222222222 0.15 0.25277777777777777
3 0.45859375 0.3236111111111111 0.0921875 0.18888888888888888
1 0.3625 0.2861111111111111 0.0953125 0.15833333333333333
0 0.28125 0.2708333333333333 0.0375 0.08611111111111111
0 0.9234375 0.5736111111111111 0.08125 0.10555555555555556
0 0.803125 0.4166666666666667 0.059375 0.08611111111111111
0 0.37890625 0.20833333333333334 0.034375 0.06666666666666667
0 0.34453125 0.225 0.0296875 0.07777777777777778
