0 0.215625 0.325 0.04375 0.10277777777777777
1 0.36484375 0.7041666666666667 0.1765625 0.3333333333333333
1 0.496875 0.3875 0.0828125 0.1388888888888889
1 0.4484375 0.21388888888888888 0.05 0.06666666666666667
1 0.5015625 0.3055555555555556 0.053125 0.08611111111111111
1 0.48046875 0.2625 0.046875 0.06944444444444445
1 0.5421875 0.23472222222222222 0.0625 0.07222222222222222
1 0.39765625 0.1736111111111111 0.046875 0.06666666666666667
2 0.3875 0.3013888888888889 0.1203125 0.24444444444444444
3 0.27109375 0.44722222222222224 0.1921875 0.35
