0 0.71015625 0.8305555555555556 0.0875 0.20277777777777778
0 0.7640625 0.9458333333333333 0.084375 0.10833333333333334
0 0.87734375 0.8208333333333333 0.0828125 0.16111111111111112
0 0.77109375 0.5486111111111112 0.0546875 0.1361111111111111
0 0.73515625 0.48333333333333334 0.0453125 0.12222222222222222
0 0.70703125 0.42916666666666664 0.025 0.08055555555555556
0 0.71640625 0.36527777777777776 0.0375 0.08333333333333333
0 0.69140625 0.3486111111111111 0.025 0.05555555555555555
0 0.67734375 0.3472222222222222 0.01875 0.058333333333333334
0 0.646875 0.3486111111111111 0.0203125 0.058333333333333334
0 0.628125 0.29444444444444445 0.0203125 0.05555555555555555
0 0.6171875 0.3138888888888889 0.0265625 0.06111111111111111
1 0.57109375 0.2791666666666667 0.059375 0.09166666666666666
0 0.09296875 0.26805555555555555 0.0625 0.08611111111111111
0 0.24140625 0.1986111111111111 0.040625 0.04722222222222222
0 0.46171875 0.24305555555555555 0.028125 0.05555555555555555
0 0.37109375 0.2 0.0234375 0.06666666666666667
