0 0.9640625 0.6277777777777778 0.046875 0.1527777777777778
1 0.6265625 0.8666666666666667 0.175 0.25
1 0.5671875 0.5583333333333333 0.096875 0.18333333333333332
1 0.3375 0.2111111111111111 0.05625 0.05
1 0.5328125 0.38055555555555554 0.0578125 0.10833333333333334
1 0.6125 0.3055555555555556 0.0453125 0.075
2 0.7546875 0.5722222222222222 0.215625 0.4027777777777778
2 0.628125 0.2388888888888889 0.0671875 0.075
3 0.1640625 0.8222222222222222 0.328125 0.3527777777777778
1 0.5203125 0.3055555555555556 0.04375 0.07222222222222222
