1 0.590625 0.8027777777777778 0.196875 0.37777777777777777
0 0.84453125 0.7152777777777778 0.084375 0.17222222222222222
0 0.8375 0.8763888888888889 0.1046875 0.2
1 0.703125 0.4791666666666667 0.1328125 0.19166666666666668
1 0.58125 0.5138888888888888 0.109375 0.19444444444444445
3 0.58359375 0.3763888888888889 0.0984375 0.17777777777777778
0 0.70390625 0.3638888888888889 0.0296875 0.08333333333333333
1 0.646875 0.33611111111111114 0.078125 0.12777777777777777
0 0.35859375 0.30972222222222223 0.046875 0.1388888888888889
0 0.0921875 0.2569444444444444 0.0625 0.10833333333333334
0 0.2296875 0.20277777777777778 0.04375 0.07222222222222222
0 0.5015625 0.25416666666666665 0.0375 0.09444444444444444
0 0.453125 0.2152777777777778 0.028125 0.075
0 0.42578125 0.20277777777777778 0.028125 0.07777777777777778
0 0.7578125 0.4111111111111111 0.0296875 0.08888888888888889
