1 0.33125 0.6527777777777778 0.159375 0.2833333333333333
0 0.7125 0.7263888888888889 0.0625 0.1388888888888889
0 0.8328125 0.8041666666666667 0.065625 0.1638888888888889
0 0.925 0.5611111111111111 0.0828125 0.11388888888888889
0 0.725 0.4125 0.028125 0.07222222222222222
0 0.68203125 0.4097222222222222 0.0453125 0.10555555555555556
1 0.590625 0.39166666666666666 0.078125 0.15833333333333333
1 0.6734375 0.8583333333333333 0.2375 0.2833333333333333
0 0.66015625 0.3541666666666667 0.03125 0.08055555555555556
0 0.90625 0.8319444444444445 0.0765625 0.2
0 0.7390625 0.5208333333333334 0.0359375 0.1
0 0.70078125 0.3402777777777778 0.021875 0.05555555555555555
1 0.60625 0.3013888888888889 0.0421875 0.075
0 0.67265625 0.28055555555555556 0.01875 0.05
