3 0.59296875 0.44166666666666665 0.1203125 0.2861111111111111
0 0.69296875 0.6305555555555555 0.0453125 0.11388888888888889
0 0.66875 0.48333333333333334 0.04375 0.125
0 0.7109375 0.3958333333333333 0.0359375 0.08611111111111111
0 0.65546875 0.4013888888888889 0.0359375 0.09722222222222222
0 0.78125 0.6666666666666666 0.071875 0.19166666666666668
0 0.7515625 0.49166666666666664 0.0359375 0.09166666666666666
0 0.721875 0.5430555555555555 0.046875 0.13333333333333333
0 0.2921875 0.6083333333333333 0.0625 0.16944444444444445
0 0.69609375 0.3472222222222222 0.028125 0.06944444444444445
0 0.66484375 0.34305555555555556 0.0265625 0.06111111111111111
0 0.8453125 0.6930555555555555 0.0671875 0.17222222222222222
0 0.4390625 0.17916666666666667 0.0203125 0.058333333333333334
