1 0.60859375 0.7944444444444444 0.1734375 0.3888888888888889
0 0.1125 0.49722222222222223 0.08125 0.19444444444444445
0 0.7484375 0.5875 0.065625 0.17777777777777778
0 0.6875 0.6208333333333333 0.053125 0.13333333333333333
0 0.67890625 0.5111111111111111 0.0484375 0.14166666666666666
0 0.7 0.4305555555555556 0.05 0.10555555555555556
0 0.7515625 0.42777777777777776 0.04375 0.10555555555555556
0 0.921875 0.5777777777777777 0.06875 0.1
0 0.6703125 0.33194444444444443 0.03125 0.075
0 0.63359375 0.30416666666666664 0.0328125 0.08888888888888889
1 0.5890625 0.2791666666666667 0.0625 0.1111111111111111
0 0.5375 0.25555555555555554 0.0484375 0.08333333333333333
0 0.65234375 0.24166666666666667 0.025 0.06111111111111111
0 0.43984375 0.16944444444444445 0.0265625 0.06944444444444445
