0 0.40234375 0.46111111111111114 0.0421875 0.12777777777777777
0 0.69140625 0.4666666666666667 0.05625 0.1361111111111111
0 0.7390625 0.4236111111111111 0.04375 0.11944444444444445
0 0.92421875 0.5388888888888889 0.0640625 0.08888888888888889
0 0.646875 0.3527777777777778 0.0375 0.10277777777777777
0 0.6859375 0.3597222222222222 0.0375 0.09166666666666666
0 0.86328125 0.9347222222222222 0.1421875 0.13055555555555556
0 0.64765625 0.2847222222222222 0.028125 0.06666666666666667
0 0.44609375 0.17916666666666667 0.0234375 0.06666666666666667
0 0.378125 0.2152777777777778 0.0296875 0.08055555555555556
0 0.403125 0.175 0.0203125 0.05277777777777778
