0 0.73046875 0.3861111111111111 0.0375 0.058333333333333334
0 0.721875 0.325 0.0296875 0.06388888888888888
0 0.66328125 0.30694444444444446 0.0234375 0.07777777777777778
1 0.4125 0.24444444444444444 0.0421875 0.07777777777777778
0 0.1765625 0.5916666666666667 0.0359375 0.15555555555555556
0 0.365625 0.2638888888888889 0.0171875 0.058333333333333334
0 0.3234375 0.25833333333333336 0.0203125 0.06111111111111111
3 0.56640625 0.23472222222222222 0.08125 0.2111111111111111
1 0.6140625 0.24027777777777778 0.0359375 0.07777777777777778
0 0.64765625 0.22361111111111112 0.015625 0.06388888888888888
