0 0.3953125 0.43333333333333335 0.0328125 0.10833333333333334
0 0.740625 0.4888888888888889 0.0359375 0.11666666666666667
0 0.6828125 0.2777777777777778 0.01875 0.07777777777777778
0 0.0671875 0.39166666666666666 0.0546875 0.07222222222222222
0 0.33125 0.4444444444444444 0.0328125 0.13333333333333333
0 0.25625 0.45555555555555555 0.03125 0.07777777777777778
0 0.1921875 0.4638888888888889 0.034375 0.075
0 0.209375 0.6472222222222223 0.0828125 0.15
0 0.359375 0.32222222222222224 0.025 0.08055555555555556
0 0.290625 0.3055555555555556 0.0234375 0.06111111111111111
0 0.4328125 0.3 0.025 0.075
0 0.3734375 0.225 0.01875 0.041666666666666664
0 0.33125 0.26666666666666666 0.01875 0.06388888888888888
0 0.4109375 0.23333333333333334 0.01875 0.058333333333333334
0 0.28125 0.3972222222222222 0.0296875 0.07222222222222222
0 0.3625 0.25555555555555554 0.01875 0.04722222222222222
