1 0.434375 0.37222222222222223 0.0703125 0.12777777777777777
1 0.325 0.8069444444444445 0.175 0.3611111111111111
0 0.79140625 0.49722222222222223 0.0375 0.11944444444444445
0 0.8890625 0.7319444444444444 0.0484375 0.14444444444444443
0 0.65703125 0.4083333333333333 0.03125 0.10833333333333334
1 0.60390625 0.3736111111111111 0.0640625 0.10833333333333334
1 0.62734375 0.29305555555555557 0.0515625 0.08333333333333333
0 0.08046875 0.3416666666666667 0.0703125 0.09722222222222222
0 0.384375 0.2986111111111111 0.0359375 0.09444444444444444
0 0.36484375 0.2722222222222222 0.025 0.075
0 0.64453125 0.8861111111111111 0.0734375 0.22777777777777777
0 0.5390625 0.2652777777777778 0.021875 0.07222222222222222
0 0.5671875 0.25833333333333336 0.01875 0.06111111111111111
2 0.55078125 0.2 0.0625 0.11388888888888889
0 0.4109375 0.2111111111111111 0.015625 0.058333333333333334
0 0.3859375 0.22361111111111112 0.0171875 0.05
0 0.35234375 0.23055555555555557 0.0203125 0.06944444444444445
