1 0.3796875 0.6819444444444445 0.1328125 0.25
1 0.47421875 0.3972222222222222 0.08125 0.14722222222222223
1 0.36875 0.4125 0.096875 0.16111111111111112
1 0.49140625 0.31527777777777777 0.05 0.075
1 0.41484375 0.3402777777777778 0.0515625 0.07777777777777778
1 0.36484375 0.20833333333333334 0.04375 0.05277777777777778
1 0.484375 0.2708333333333333 0.05 0.06666666666666667
1 0.41640625 0.26805555555555555 0.046875 0.08055555555555556
2 0.21796875 0.6097222222222223 0.2578125 0.45
3 0.39921875 0.17083333333333334 0.0859375 0.08611111111111111
