3 0.42421875 0.39444444444444443 0.121875 0.2388888888888889
0 0.26953125 0.26805555555555555 0.0453125 0.09444444444444444
0 0.328125 0.25416666666666665 0.0421875 0.09444444444444444
0 0.37265625 0.24027777777777778 0.0390625 0.09444444444444444
0 0.45078125 0.24861111111111112 0.03125 0.06944444444444445
0 0.67734375 0.4083333333333333 0.0375 0.09722222222222222
0 0.73515625 0.5305555555555556 0.046875 0.13333333333333333
0 0.7953125 0.5486111111111112 0.034375 0.09444444444444444
0 0.92421875 0.5527777777777778 0.0625 0.08055555555555556
0 0.8046875 0.39305555555555555 0.053125 0.06111111111111111
1 0.48203125 0.3013888888888889 0.0625 0.125
0 0.5765625 0.24861111111111112 0.021875 0.06666666666666667
