0 0.68125 0.3263888888888889 0.034375 0.10277777777777777
0 0.91171875 0.30694444444444446 0.065625 0.08055555555555556
1 0.43125 0.41944444444444445 0.090625 0.15555555555555556
3 0.4234375 0.2625 0.0953125 0.21944444444444444
0 0.23671875 0.5625 0.053125 0.14444444444444443
0 0.33828125 0.3875 0.0375 0.08055555555555556
1 0.36875 0.2875 0.0421875 0.08611111111111111
0 0.328125 0.3111111111111111 0.03125 0.07222222222222222
0 0.590625 0.21388888888888888 0.01875 0.07222222222222222
0 0.603125 0.175 0.0140625 0.058333333333333334
