1 0.671875 0.7555555555555555 0.153125 0.3194444444444444
0 0.778125 0.44722222222222224 0.04375 0.11944444444444445
0 0.8734375 0.4222222222222222 0.0765625 0.09166666666666666
1 0.384375 0.6388888888888888 0.109375 0.2611111111111111
1 0.43125 0.37222222222222223 0.0625 0.12222222222222222
0 0.284375 0.38333333333333336 0.0328125 0.10555555555555556
0 0.075 0.41388888888888886 0.0546875 0.08888888888888889
0 0.209375 0.2833333333333333 0.0421875 0.041666666666666664
0 0.5171875 0.2722222222222222 0.046875 0.09166666666666666
0 0.3515625 0.2222222222222222 0.0203125 0.06388888888888888
0 0.375 0.20555555555555555 0.015625 0.06111111111111111
0 0.5421875 0.24444444444444444 0.0171875 0.058333333333333334
0 0.659375 0.24444444444444444 0.021875 0.06944444444444445
