0 0.6171875 0.6055555555555555 0.05 0.15
0 0.875 0.5666666666666667 0.090625 0.19444444444444445
0 0.1453125 0.6 0.06875 0.19444444444444445
0 0.275 0.35 0.040625 0.08888888888888889
0 0.346875 0.41944444444444445 0.0234375 0.08888888888888889
0 0.36875 0.3055555555555556 0.025 0.09166666666666666
0 0.0875 0.4111111111111111 0.08125 0.10277777777777777
0 0.40625 0.2611111111111111 0.0296875 0.08055555555555556
0 0.5234375 0.22777777777777777 0.0171875 0.06944444444444445
0 0.6015625 0.18333333333333332 0.015625 0.05555555555555555
0 0.584375 0.19722222222222222 0.0171875 0.06111111111111111
0 0.29375 0.46111111111111114 0.0265625 0.11388888888888889
0 0.35625 0.22777777777777777 0.0171875 0.06388888888888888
0 0.3828125 0.2222222222222222 0.01875 0.06111111111111111
