0 0.9 0.6 0.05 0.1361111111111111
0 0.146875 0.25 0.0171875 0.058333333333333334
1 0.58125 0.6138888888888889 0.1203125 0.2361111111111111
1 0.509375 0.225 0.05 0.05277777777777778
1 0.525 0.3638888888888889 0.0546875 0.08888888888888889
1 0.5515625 0.25555555555555554 0.0421875 0.044444444444444446
1 0.634375 0.26666666666666666 0.0453125 0.058333333333333334
1 0.675 0.24444444444444444 0.0453125 0.058333333333333334
2 0.6953125 0.5333333333333333 0.1375 0.25555555555555554
2 0.61875 0.3611111111111111 0.065625 0.1361111111111111
3 0.61875 0.21388888888888888 0.06875 0.06666666666666667
