0 0.915625 0.3541666666666667 0.0421875 0.06666666666666667
0 0.7828125 0.24722222222222223 0.0359375 0.058333333333333334
3 0.41953125 0.39861111111111114 0.0890625 0.19722222222222222
1 0.4484375 0.30833333333333335 0.0421875 0.08333333333333333
0 0.24765625 0.38333333333333336 0.0359375 0.09722222222222222
0 0.3 0.3472222222222222 0.034375 0.08333333333333333
0 0.33671875 0.2972222222222222 0.0234375 0.075
0 0.575 0.2569444444444444 0.0328125 0.08611111111111111
0 0.7125 0.40694444444444444 0.0375 0.10555555555555556
0 0.42734375 0.25277777777777777 0.0234375 0.06666666666666667
0 0.465625 0.2263888888888889 0.0234375 0.058333333333333334
