3 0.64140625 0.14027777777777778 0.0640625 0.1
1 0.5703125 0.5402777777777777 0.109375 0.19444444444444445
1 0.65703125 0.45 0.1140625 0.16111111111111112
1 0.5265625 0.4 0.0671875 0.11666666666666667
1 0.5046875 0.31805555555555554 0.0640625 0.10555555555555556
1 0.69296875 0.8180555555555555 0.1890625 0.2777777777777778
1 0.5421875 0.2375 0.053125 0.06944444444444445
0 0.759375 0.3194444444444444 0.0390625 0.10555555555555556
2 0.59609375 0.30277777777777776 0.1 0.2
2 0.86171875 0.5958333333333333 0.2765625 0.5805555555555556
