0 0.621875 0.3194444444444444 0.0296875 0.08333333333333333
0 0.6359375 0.27361111111111114 0.01875 0.04722222222222222
0 0.3515625 0.32222222222222224 0.0375 0.08888888888888889
0 0.3078125 0.3375 0.034375 0.08888888888888889
0 0.325 0.28194444444444444 0.03125 0.06944444444444445
0 0.23359375 0.49583333333333335 0.059375 0.13055555555555556
0 0.090625 0.29444444444444445 0.0421875 0.05
0 0.36171875 0.2375 0.0328125 0.06111111111111111
0 0.38046875 0.2569444444444444 0.0171875 0.05277777777777778
0 0.4046875 0.22361111111111112 0.0296875 0.06111111111111111
0 0.41484375 0.1763888888888889 0.01875 0.05
