0 0.55703125 0.4166666666666667 0.0453125 0.10833333333333334
0 0.36953125 0.3763888888888889 0.05 0.12777777777777777
0 0.31875 0.2902777777777778 0.0375 0.11388888888888889
0 0.165625 0.35694444444444445 0.0578125 0.12777777777777777
0 0.12109375 0.4666666666666667 0.0640625 0.14166666666666666
0 0.2328125 0.5708333333333333 0.06875 0.19166666666666668
0 0.10625 0.22777777777777777 0.075 0.10833333333333334
0 0.39296875 0.21805555555555556 0.034375 0.07777777777777778
0 0.42890625 0.22777777777777777 0.0328125 0.08333333333333333
0 0.5515625 0.29444444444444445 0.05 0.10833333333333334
0 0.1015625 0.6097222222222223 0.0890625 0.20277777777777778
1 0.48671875 0.24861111111111112 0.0484375 0.09444444444444444
