1 0.615625 0.35555555555555557 0.06875 0.10277777777777777
0 0.81796875 0.7013888888888888 0.084375 0.17222222222222222
1 0.56796875 0.2861111111111111 0.059375 0.08333333333333333
0 0.3328125 0.4152777777777778 0.0421875 0.13333333333333333
0 0.26171875 0.42916666666666664 0.0375 0.125
0 0.23359375 0.6666666666666666 0.0625 0.15
0 0.084375 0.35694444444444445 0.0609375 0.06944444444444445
0 0.31875 0.2847222222222222 0.034375 0.06944444444444445
0 0.34296875 0.2777777777777778 0.0203125 0.06944444444444445
0 0.35703125 0.2708333333333333 0.0203125 0.058333333333333334
0 0.3875 0.29444444444444445 0.021875 0.08333333333333333
0 0.40625 0.2569444444444444 0.021875 0.08055555555555556
1 0.45859375 0.2722222222222222 0.059375 0.08055555555555556
0 0.2703125 0.33194444444444443 0.03125 0.09722222222222222
0 0.04375 0.7944444444444444 0.0796875 0.275
0 0.66796875 0.24861111111111112 0.0140625 0.05555555555555555
