0 0.69296875 0.5444444444444444 0.0546875 0.15833333333333333
0 0.81328125 0.45 0.0546875 0.10555555555555556
0 0.740625 0.35 0.0421875 0.09722222222222222
0 0.67265625 0.4263888888888889 0.053125 0.08333333333333333
0 0.684375 0.3138888888888889 0.04375 0.09166666666666666
0 0.60390625 0.25555555555555554 0.025 0.05277777777777778
0 0.66484375 0.23472222222222222 0.0328125 0.06944444444444445
0 0.565625 0.23055555555555557 0.0265625 0.058333333333333334
0 0.58203125 0.20416666666666666 0.0359375 0.07777777777777778
1 0.51328125 0.23055555555555557 0.0640625 0.10833333333333334
0 0.36796875 0.36527777777777776 0.04375 0.09444444444444444
0 0.396875 0.30972222222222223 0.0359375 0.09722222222222222
0 0.29765625 0.35138888888888886 0.040625 0.10555555555555556
0 0.07578125 0.5027777777777778 0.0796875 0.09722222222222222
0 0.19921875 0.3680555555555556 0.0515625 0.058333333333333334
0 0.6265625 0.25 0.0234375 0.06388888888888888
