0 0.83984375 0.4625 0.0296875 0.07777777777777778
1 0.11328125 0.7194444444444444 0.2265625 0.3277777777777778
1 0.32890625 0.7916666666666666 0.2125 0.3527777777777778
1 0.32265625 0.5583333333333333 0.115625 0.20555555555555555
1 0.3890625 0.36944444444444446 0.0921875 0.1527777777777778
1 0.425 0.3013888888888889 0.053125 0.08611111111111111
1 0.3640625 0.1625 0.0453125 0.06111111111111111
1 0.39140625 0.1986111111111111 0.0421875 0.06111111111111111
2 0.41953125 0.23333333333333334 0.059375 0.08888888888888889
3 0.7234375 0.6958333333333333 0.41875 0.6083333333333333
3 0.49609375 0.20833333333333334 0.096875 0.14722222222222223
