0 0.828125 0.7722222222222223 0.053125 0.16944444444444445
0 0.69375 0.5013888888888889 0.053125 0.14166666666666666
0 0.76328125 0.5055555555555555 0.053125 0.10833333333333334
0 0.64453125 0.3402777777777778 0.021875 0.06666666666666667
0 0.35703125 0.3486111111111111 0.0625 0.14722222222222223
0 0.92109375 0.5375 0.08125 0.10555555555555556
0 0.81015625 0.3861111111111111 0.05 0.06666666666666667
0 0.43046875 0.2013888888888889 0.025 0.06944444444444445
0 0.39453125 0.21388888888888888 0.0328125 0.08333333333333333
0 0.3109375 0.25 0.0359375 0.09722222222222222
0 0.63515625 0.2861111111111111 0.040625 0.075
0 0.83203125 0.6541666666666667 0.059375 0.15555555555555556
