0 0.3109375 0.40694444444444444 0.0453125 0.14166666666666666
0 0.3375 0.31666666666666665 0.0421875 0.10277777777777777
0 0.25703125 0.4097222222222222 0.0609375 0.1527777777777778
0 0.20078125 0.6402777777777777 0.065625 0.21388888888888888
0 0.0453125 0.6194444444444445 0.090625 0.17777777777777778
0 0.77734375 0.6319444444444444 0.059375 0.14444444444444443
0 0.92421875 0.5291666666666667 0.0859375 0.10833333333333334
0 0.37265625 0.18055555555555555 0.01875 0.05555555555555555
0 0.38671875 0.1875 0.0203125 0.058333333333333334
0 0.48984375 0.2513888888888889 0.0265625 0.07222222222222222
0 0.40859375 0.23472222222222222 0.0234375 0.075
