0 0.6453125 0.6972222222222222 0.071875 0.18888888888888888
0 0.6890625 0.46944444444444444 0.0328125 0.08611111111111111
0 0.63828125 0.4027777777777778 0.03125 0.08611111111111111
0 0.56640625 0.4027777777777778 0.0359375 0.1
0 0.5984375 0.3194444444444444 0.0296875 0.075
0 0.66484375 0.37083333333333335 0.03125 0.06944444444444445
0 0.67421875 0.3236111111111111 0.0296875 0.06666666666666667
0 0.7953125 0.8777777777777778 0.1125 0.24444444444444444
1 0.48828125 0.23333333333333334 0.053125 0.09166666666666666
0 0.38359375 0.2013888888888889 0.0203125 0.05
0 0.63359375 0.30833333333333335 0.03125 0.07222222222222222
0 0.56015625 0.2902777777777778 0.0203125 0.075
