1 0.1484375 0.7722222222222223 0.296875 0.42777777777777776
0 0.30078125 0.3013888888888889 0.0234375 0.07777777777777778
0 0.6609375 0.6763888888888889 0.075 0.18055555555555555
0 0.72421875 0.45555555555555555 0.0375 0.12222222222222222
0 0.9265625 0.4236111111111111 0.0578125 0.06944444444444445
0 0.7171875 0.3472222222222222 0.034375 0.08888888888888889
0 0.59921875 0.30833333333333335 0.0265625 0.06111111111111111
0 0.64296875 0.3138888888888889 0.034375 0.07777777777777778
0 0.6640625 0.2791666666666667 0.021875 0.058333333333333334
0 0.6203125 0.24583333333333332 0.0203125 0.06944444444444445
0 0.625 0.2013888888888889 0.015625 0.05
0 0.43359375 0.3125 0.0203125 0.07222222222222222
