1 0.37578125 0.36666666666666664 0.059375 0.09444444444444444
1 0.47890625 0.35833333333333334 0.05625 0.09722222222222222
1 0.48046875 0.30694444444444446 0.0453125 0.06944444444444445
1 0.4265625 0.24305555555555555 0.0375 0.05
3 0.3875 0.2861111111111111 0.05625 0.125
2 0.371875 0.23194444444444445 0.0609375 0.08055555555555556
3 0.37265625 0.6888888888888889 0.2578125 0.5722222222222222
3 0.16171875 0.7111111111111111 0.2203125 0.425
0 0.80859375 0.3333333333333333 0.025 0.075
0 0.58671875 0.3277777777777778 0.0234375 0.07222222222222222
