2 0.609375 0.2152777777777778 0.0921875 0.15
0 0.24609375 0.4736111111111111 0.04375 0.14166666666666666
0 0.3125 0.4486111111111111 0.046875 0.11666666666666667
0 0.3625 0.46805555555555556 0.046875 0.13333333333333333
0 0.07265625 0.4930555555555556 0.0671875 0.10277777777777777
0 0.2796875 0.36666666666666664 0.0234375 0.08055555555555556
0 0.36328125 0.3625 0.028125 0.08333333333333333
0 0.32578125 0.35 0.0203125 0.06944444444444445
2 0.83125 0.5902777777777778 0.3375 0.7305555555555555
0 0.09296875 0.7180555555555556 0.06875 0.12222222222222222
0 0.315625 0.3111111111111111 0.03125 0.06666666666666667
0 0.3359375 0.30972222222222223 0.0140625 0.058333333333333334
0 0.384375 0.2902777777777778 0.021875 0.06388888888888888
0 0.3484375 0.30694444444444446 0.01875 0.06666666666666667
0 0.225 0.5986111111111111 0.0484375 0.13055555555555556
1 0.43984375 0.26666666666666666 0.0484375 0.09166666666666666
0 0.69296875 0.28194444444444444 0.0234375 0.058333333333333334
0 0.50234375 0.25833333333333336 0.0265625 0.08333333333333333
