3 0.4484375 0.2833333333333333 0.1328125 0.2972222222222222
0 0.6984375 0.38472222222222224 0.0359375 0.10555555555555556
0 0.78359375 0.6361111111111111 0.059375 0.14166666666666666
0 0.67890625 0.2722222222222222 0.0203125 0.06111111111111111
1 0.59921875 0.24166666666666667 0.0609375 0.08611111111111111
0 0.153125 0.5402777777777777 0.0671875 0.1638888888888889
0 0.21953125 0.5611111111111111 0.0640625 0.15833333333333333
0 0.04296875 0.5152777777777777 0.065625 0.1388888888888889
0 0.2328125 0.3402777777777778 0.0375 0.09444444444444444
0 0.2703125 0.3458333333333333 0.0359375 0.08333333333333333
0 0.3734375 0.26805555555555555 0.025 0.07222222222222222
0 0.09140625 0.29444444444444445 0.0734375 0.11944444444444445
2 0.68828125 0.7819444444444444 0.2921875 0.4361111111111111
0 0.3625 0.19722222222222222 0.021875 0.06388888888888888
0 0.38359375 0.20833333333333334 0.0171875 0.04722222222222222
0 0.40078125 0.19583333333333333 0.021875 0.06388888888888888
0 0.66171875 0.24722222222222223 0.0203125 0.06111111111111111
0 0.64375 0.23333333333333334 0.01875 0.06111111111111111
