0 0.09296875 0.37777777777777777 0.046875 0.11944444444444445
1 0.778125 0.9097222222222222 0.225 0.18055555555555555
1 0.678125 0.5833333333333334 0.109375 0.17777777777777778
1 0.2859375 0.3194444444444444 0.059375 0.1
1 0.6265625 0.30694444444444446 0.0453125 0.06944444444444445
1 0.528125 0.2263888888888889 0.0515625 0.058333333333333334
2 0.62734375 0.40694444444444444 0.08125 0.15
2 0.55703125 0.26666666666666666 0.0359375 0.06388888888888888
3 0.546875 0.5291666666666667 0.121875 0.24722222222222223
3 0.67734375 0.2388888888888889 0.115625 0.1361111111111111
