0 0.5984375 0.33611111111111114 0.034375 0.06944444444444445
1 0.33359375 0.7722222222222223 0.2125 0.37222222222222223
1 0.32578125 0.49027777777777776 0.121875 0.18888888888888888
1 0.18125 0.7180555555555556 0.228125 0.3638888888888889
1 0.40546875 0.3388888888888889 0.0671875 0.11388888888888889
1 0.43984375 0.4652777777777778 0.0796875 0.14722222222222223
1 0.49375 0.33611111111111114 0.0625 0.10277777777777777
1 0.41875 0.28888888888888886 0.046875 0.06111111111111111
2 0.296875 0.15694444444444444 0.0671875 0.09722222222222222
2 0.409375 0.18611111111111112 0.0859375 0.09444444444444444
3 0.38671875 0.21944444444444444 0.071875 0.10277777777777777
