0 0.31484375 0.3958333333333333 0.03125 0.07777777777777778
0 0.334375 0.3375 0.03125 0.058333333333333334
0 0.7328125 0.5416666666666666 0.059375 0.175
0 0.74765625 0.4444444444444444 0.0625 0.1638888888888889
0 0.8609375 0.5236111111111111 0.046875 0.1361111111111111
0 0.83515625 0.5763888888888888 0.0796875 0.21388888888888888
0 0.903125 0.4777777777777778 0.0609375 0.15
0 0.6296875 0.33611111111111114 0.04375 0.1
0 0.6421875 0.25972222222222224 0.0296875 0.07777777777777778
0 0.5984375 0.24583333333333332 0.0265625 0.07777777777777778
0 0.625 0.20416666666666666 0.021875 0.05277777777777778
2 0.38828125 0.24305555555555555 0.0578125 0.09722222222222222
0 0.5765625 0.2 0.01875 0.05
0 0.59296875 0.17916666666666667 0.015625 0.044444444444444446
