3 0.51875 0.20277777777777778 0.0671875 0.06944444444444445
3 0.35078125 0.23194444444444445 0.04375 0.06944444444444445
3 0.33984375 0.41944444444444445 0.0953125 0.19722222222222222
1 0.38828125 0.8458333333333333 0.1765625 0.30833333333333335
1 0.63828125 0.22083333333333333 0.06875 0.058333333333333334
2 0.2234375 0.6944444444444444 0.209375 0.35
3 0.73125 0.19027777777777777 0.059375 0.06666666666666667
0 0.23359375 0.44166666666666665 0.0265625 0.08333333333333333
2 0.38046875 0.2708333333333333 0.046875 0.07777777777777778
1 0.28828125 0.2513888888888889 0.0375 0.041666666666666664
