0 0.0828125 0.4 0.065625 0.06666666666666667
2 0.5921875 0.2388888888888889 0.059375 0.11666666666666667
0 0.6625 0.3333333333333333 0.0140625 0.04722222222222222
0 0.70625 0.3472222222222222 0.025 0.08333333333333333
0 0.68125 0.25555555555555554 0.015625 0.05555555555555555
0 0.63125 0.22777777777777777 0.0203125 0.04722222222222222
0 0.35 0.4111111111111111 0.03125 0.09444444444444444
0 0.31875 0.38333333333333336 0.0265625 0.10555555555555556
0 0.29375 0.46111111111111114 0.0359375 0.12222222222222222
0 0.259375 0.4583333333333333 0.0296875 0.10555555555555556
0 0.184375 0.65 0.0546875 0.14166666666666666
0 0.2046875 0.55 0.040625 0.1
0 0.21875 0.4638888888888889 0.0375 0.09722222222222222
0 0.04375 0.7055555555555556 0.065625 0.17777777777777778
0 0.3625 0.26666666666666666 0.025 0.07222222222222222
0 0.409375 0.3277777777777778 0.021875 0.07222222222222222
0 0.396875 0.24444444444444444 0.021875 0.06111111111111111
