3 0.6125 0.3388888888888889 0.0671875 0.1638888888888889
2 0.70703125 0.5055555555555555 0.1421875 0.25277777777777777
0 0.94140625 0.5736111111111111 0.0640625 0.15
0 0.5890625 0.25 0.046875 0.07222222222222222
2 0.71484375 0.19722222222222222 0.0453125 0.05277777777777778
0 0.5203125 0.225 0.0265625 0.041666666666666664
0 0.396875 0.22361111111111112 0.021875 0.03611111111111111
0 0.3609375 0.23055555555555557 0.025 0.03888888888888889
0 0.7140625 0.31805555555555554 0.015625 0.04722222222222222
0 0.0828125 0.4930555555555556 0.0359375 0.09444444444444444
