0 0.8421875 0.8694444444444445 0.096875 0.2611111111111111
0 0.81015625 0.6305555555555555 0.06875 0.16111111111111112
0 0.69140625 0.49583333333333335 0.059375 0.1527777777777778
0 0.65703125 0.42916666666666664 0.04375 0.12777777777777777
0 0.703125 0.3861111111111111 0.046875 0.11388888888888889
0 0.3453125 0.3 0.0453125 0.11388888888888889
0 0.28125 0.3194444444444444 0.0625 0.11666666666666667
0 0.4390625 0.31805555555555554 0.034375 0.10277777777777777
0 0.646875 0.29305555555555557 0.0328125 0.08888888888888889
0 0.671875 0.2708333333333333 0.015625 0.05
0 0.6359375 0.2638888888888889 0.0296875 0.06111111111111111
1 0.60234375 0.6236111111111111 0.1515625 0.3138888888888889
1 0.578125 0.4 0.0796875 0.1638888888888889
2 0.4734375 0.20833333333333334 0.1140625 0.18888888888888888
0 0.74453125 0.3861111111111111 0.0453125 0.10833333333333334
0 0.92578125 0.5361111111111111 0.078125 0.11388888888888889
0 0.809375 0.38055555555555554 0.04375 0.06388888888888888
0 0.2984375 0.24861111111111112 0.0234375 0.06111111111111111
