1 0.365625 0.7222222222222222 0.159375 0.35
1 0.42421875 0.27361111111111114 0.053125 0.09166666666666666
0 0.74921875 0.41388888888888886 0.05625 0.08888888888888889
0 0.7421875 0.5083333333333333 0.040625 0.12222222222222222
0 0.6984375 0.31805555555555554 0.0375 0.08333333333333333
0 0.6453125 0.30972222222222223 0.025 0.08055555555555556
0 0.62109375 0.24166666666666667 0.0203125 0.06944444444444445
0 0.9234375 0.45 0.06875 0.075
0 0.659375 0.28055555555555556 0.021875 0.07777777777777778
0 0.3515625 0.20555555555555555 0.021875 0.06666666666666667
0 0.38671875 0.1986111111111111 0.021875 0.05555555555555555
0 0.41328125 0.19444444444444445 0.0171875 0.05555555555555555
