0 0.20546875 0.6736111111111112 0.065625 0.175
0 0.134375 0.6597222222222222 0.0640625 0.16666666666666666
0 0.84921875 0.6513888888888889 0.0921875 0.2611111111111111
0 0.64453125 0.2763888888888889 0.0328125 0.10277777777777777
0 0.7 0.2777777777777778 0.0390625 0.11388888888888889
0 0.559375 0.22777777777777777 0.0234375 0.07222222222222222
0 0.58828125 0.1763888888888889 0.01875 0.03888888888888889
0 0.28984375 0.4638888888888889 0.0484375 0.14722222222222223
0 0.32890625 0.3875 0.03125 0.08333333333333333
0 0.3546875 0.3388888888888889 0.0359375 0.08055555555555556
0 0.39765625 0.29305555555555557 0.0359375 0.09166666666666666
0 0.30078125 0.3597222222222222 0.0390625 0.09444444444444444
0 0.07578125 0.5180555555555556 0.065625 0.08611111111111111
0 0.19453125 0.37222222222222223 0.05 0.058333333333333334
0 0.26484375 0.4361111111111111 0.028125 0.09444444444444444
