1 0.35625 0.4222222222222222 0.08125 0.1527777777777778
0 0.746875 0.42777777777777776 0.025 0.1111111111111111
0 0.8484375 0.5777777777777777 0.053125 0.1361111111111111
0 0.6546875 0.3333333333333333 0.0234375 0.08611111111111111
0 0.1359375 0.5111111111111111 0.040625 0.16111111111111112
0 0.1875 0.55 0.0484375 0.14444444444444443
0 0.259375 0.3611111111111111 0.025 0.08333333333333333
0 0.309375 0.3055555555555556 0.0390625 0.08055555555555556
0 0.36875 0.275 0.0203125 0.07222222222222222
0 0.346875 0.25 0.015625 0.05555555555555555
0 0.1984375 0.2861111111111111 0.034375 0.06666666666666667
0 0.0796875 0.40555555555555556 0.0734375 0.08333333333333333
0 0.0375 0.6888888888888889 0.06875 0.13055555555555556
1 0.6640625 0.9166666666666666 0.15 0.15833333333333333
0 0.21875 0.4722222222222222 0.040625 0.14166666666666666
0 0.2859375 0.475 0.034375 0.1361111111111111
0 0.36875 0.19444444444444445 0.0171875 0.06388888888888888
0 0.41875 0.23055555555555557 0.01875 0.06666666666666667
0 0.7453125 0.3388888888888889 0.028125 0.09166666666666666
0 0.675 0.2611111111111111 0.021875 0.07222222222222222
0 0.653125 0.21944444444444444 0.0171875 0.05555555555555555
