0 0.16640625 0.6111111111111112 0.0703125 0.175
0 0.71796875 0.3541666666666667 0.04375 0.125
0 0.6375 0.30694444444444446 0.040625 0.09444444444444444
0 0.653125 0.24861111111111112 0.0328125 0.08611111111111111
0 0.5875 0.2777777777777778 0.0296875 0.07777777777777778
0 0.9046875 0.2847222222222222 0.071875 0.10277777777777777
0 0.3703125 0.28888888888888886 0.034375 0.075
0 0.446875 0.2611111111111111 0.0234375 0.09166666666666666
0 0.584375 0.22083333333333333 0.0328125 0.08055555555555556
0 0.61015625 0.17083333333333334 0.0171875 0.06111111111111111
