0 0.87734375 0.4722222222222222 0.028125 0.06944444444444445
0 0.84375 0.48333333333333334 0.034375 0.07777777777777778
1 0.37109375 0.7069444444444445 0.1625 0.30277777777777776
1 0.08984375 0.75 0.1796875 0.2222222222222222
1 0.40390625 0.24305555555555555 0.0640625 0.08611111111111111
2 0.29375 0.45416666666666666 0.171875 0.30833333333333335
2 0.3671875 0.1638888888888889 0.05625 0.09166666666666666
3 0.48671875 0.3402777777777778 0.11875 0.24722222222222223
3 0.3921875 0.32916666666666666 0.084375 0.18611111111111112
0 0.83671875 0.5347222222222222 0.0375 0.1
