0 0.159375 0.38333333333333336 0.028125 0.08888888888888889
0 0.1125 0.45 0.0328125 0.10833333333333334
0 0.1328125 0.3388888888888889 0.021875 0.06944444444444445
1 0.5875 0.7 0.1078125 0.21666666666666667
1 0.8625 0.875 0.234375 0.24722222222222223
1 0.571875 0.25833333333333336 0.0453125 0.05277777777777778
2 0.6828125 0.5 0.1171875 0.20833333333333334
2 0.684375 0.22777777777777777 0.04375 0.06111111111111111
3 0.5328125 0.3388888888888889 0.08125 0.2
3 0.625 0.3527777777777778 0.0640625 0.1527777777777778
3 0.3296875 0.2 0.075 0.06388888888888888
