1 0.4046875 0.5291666666666667 0.09375 0.19722222222222222
1 0.590625 0.5055555555555555 0.1296875 0.23055555555555557
1 0.7921875 0.5638888888888889 0.1875 0.2916666666666667
1 0.6625 0.7958333333333333 0.2046875 0.37222222222222223
1 0.66484375 0.3472222222222222 0.0859375 0.14722222222222223
1 0.6609375 0.3416666666666667 0.090625 0.15833333333333333
3 0.553125 0.3347222222222222 0.090625 0.17222222222222222
0 0.734375 0.31527777777777777 0.028125 0.08611111111111111
0 0.66640625 0.25416666666666665 0.0328125 0.09166666666666666
0 0.63359375 0.2361111111111111 0.025 0.09166666666666666
0 0.6078125 0.23194444444444445 0.028125 0.08611111111111111
0 0.3203125 0.32083333333333336 0.03125 0.09722222222222222
0 0.07890625 0.5069444444444444 0.06875 0.08055555555555556
0 0.19609375 0.36527777777777776 0.0703125 0.09166666666666666
0 0.3546875 0.25833333333333336 0.021875 0.06388888888888888
