0 0.5625 0.39444444444444443 0.0578125 0.15
0 0.32109375 0.4847222222222222 0.06875 0.14444444444444443
0 0.19375 0.6694444444444444 0.065625 0.16944444444444445
0 0.0765625 0.5930555555555556 0.0734375 0.09444444444444444
0 0.315625 0.32083333333333336 0.0328125 0.07222222222222222
0 0.353125 0.30416666666666664 0.03125 0.08333333333333333
0 0.33984375 0.3138888888888889 0.0296875 0.08611111111111111
0 0.196875 0.8638888888888889 0.0609375 0.175
0 0.28046875 0.8666666666666667 0.1125 0.2388888888888889
1 0.7546875 0.7763888888888889 0.225 0.3194444444444444
0 0.3515625 0.3819444444444444 0.0375 0.08333333333333333
0 0.94140625 0.43333333333333335 0.096875 0.225
