0 0.63125 0.7555555555555555 0.0671875 0.18333333333333332
0 0.7359375 0.4888888888888889 0.0296875 0.12777777777777777
0 0.7234375 0.34444444444444444 0.021875 0.08055555555555556
0 0.55625 0.43333333333333335 0.0296875 0.11944444444444445
0 0.1578125 0.6944444444444444 0.0609375 0.18333333333333332
0 0.078125 0.4 0.065625 0.09166666666666666
0 0.203125 0.2833333333333333 0.0484375 0.05555555555555555
2 0.3765625 0.44722222222222224 0.159375 0.44722222222222224
3 0.375 0.4444444444444444 0.1421875 0.43333333333333335
0 0.196875 0.45 0.0296875 0.10833333333333334
0 0.234375 0.49444444444444446 0.0375 0.1388888888888889
0 0.275 0.39444444444444443 0.025 0.07777777777777778
0 0.2640625 0.33055555555555555 0.021875 0.06111111111111111
0 0.6828125 0.2722222222222222 0.0234375 0.07222222222222222
0 0.6 0.2 0.0296875 0.06666666666666667
0 0.5546875 0.26666666666666666 0.028125 0.09722222222222222
0 0.303125 0.3055555555555556 0.0234375 0.08055555555555556
0 0.3515625 0.24166666666666667 0.0171875 0.04722222222222222
