0 0.1328125 0.4847222222222222 0.0359375 0.1
1 0.6640625 0.8430555555555556 0.1703125 0.2722222222222222
1 0.60234375 0.28055555555555556 0.05 0.07222222222222222
1 0.52890625 0.2625 0.0578125 0.075
2 0.7796875 0.6041666666666666 0.2390625 0.4222222222222222
2 0.6390625 0.2013888888888889 0.059375 0.08888888888888889
3 0.54453125 0.4222222222222222 0.128125 0.2833333333333333
3 0.63828125 0.4125 0.1203125 0.2388888888888889
0 0.18671875 0.3736111111111111 0.0265625 0.06666666666666667
0 0.1578125 0.3638888888888889 0.0171875 0.06944444444444445
0 0.12421875 0.35833333333333334 0.0234375 0.06111111111111111
