0 0.7546875 0.39305555555555555 0.028125 0.1111111111111111
0 0.78046875 0.45416666666666666 0.0421875 0.12777777777777777
0 0.6921875 0.30972222222222223 0.0203125 0.075
1 0.6234375 0.3902777777777778 0.065625 0.11944444444444445
1 0.58046875 0.2902777777777778 0.05 0.10277777777777777
1 0.7015625 0.8472222222222222 0.196875 0.3055555555555556
1 0.38984375 0.5472222222222223 0.103125 0.20277777777777778
1 0.27890625 0.4666666666666667 0.109375 0.19166666666666668
0 0.084375 0.3486111111111111 0.06875 0.06388888888888888
0 0.21875 0.25 0.053125 0.05
0 0.20390625 0.42083333333333334 0.04375 0.1
0 0.234375 0.35833333333333334 0.0265625 0.06388888888888888
0 0.31953125 0.35 0.0328125 0.09444444444444444
0 0.28671875 0.35138888888888886 0.0390625 0.075
0 0.3484375 0.2916666666666667 0.0234375 0.08055555555555556
0 0.52109375 0.2777777777777778 0.0421875 0.06944444444444445
0 0.328125 0.28888888888888886 0.0265625 0.04722222222222222
0 0.3734375 0.4041666666666667 0.0359375 0.1
3 0.4453125 0.24861111111111112 0.0765625 0.18333333333333332
0 0.3390625 0.24583333333333332 0.015625 0.06111111111111111
0 0.38203125 0.23194444444444445 0.0203125 0.06666666666666667
0 0.39921875 0.19444444444444445 0.015625 0.058333333333333334
0 0.39296875 0.2722222222222222 0.0203125 0.06388888888888888
0 0.36953125 0.2722222222222222 0.01875 0.06666666666666667
