0 0.1734375 0.36666666666666664 0.025 0.08611111111111111
1 0.603125 0.7694444444444445 0.1453125 0.31666666666666665
1 0.6375 0.4638888888888889 0.075 0.13055555555555556
1 0.734375 0.6555555555555556 0.14375 0.225
1 0.5828125 0.35 0.0484375 0.08611111111111111
1 0.5890625 0.2861111111111111 0.040625 0.058333333333333334
1 0.909375 0.9222222222222223 0.1796875 0.125
2 0.51875 0.21666666666666667 0.121875 0.08611111111111111
2 0.7140625 0.2388888888888889 0.0390625 0.05277777777777778
2 0.6828125 0.25555555555555554 0.0359375 0.06944444444444445
3 0.5515625 0.25555555555555554 0.0515625 0.08611111111111111
