0 0.07734375 0.39305555555555555 0.059375 0.10833333333333334
0 0.309375 0.35555555555555557 0.0328125 0.1
0 0.26171875 0.4375 0.040625 0.13055555555555556
0 0.2125 0.525 0.05625 0.11944444444444445
0 0.55625 0.5263888888888889 0.0390625 0.09722222222222222
0 0.53984375 0.4236111111111111 0.03125 0.08888888888888889
1 0.61953125 0.2986111111111111 0.0578125 0.1
0 0.69609375 0.2972222222222222 0.0296875 0.08611111111111111
0 0.55546875 0.26805555555555555 0.0203125 0.08055555555555556
2 0.3734375 0.5236111111111111 0.1546875 0.4388888888888889
0 0.23125 0.36944444444444446 0.04375 0.125
0 0.35546875 0.29305555555555557 0.0265625 0.07222222222222222
0 0.36328125 0.22916666666666666 0.0171875 0.05277777777777778
0 0.38984375 0.2361111111111111 0.0125 0.05555555555555555
0 0.36875 0.17083333333333334 0.015625 0.044444444444444446
2 0.42734375 0.275 0.0625 0.11944444444444445
0 0.49453125 0.24444444444444444 0.01875 0.06388888888888888
