0 0.1109375 0.6125 0.053125 0.1388888888888889
1 0.60546875 0.3638888888888889 0.08125 0.1388888888888889
1 0.5015625 0.22083333333333333 0.0640625 0.07777777777777778
1 0.60625 0.22361111111111112 0.046875 0.06666666666666667
1 0.11640625 0.8486111111111111 0.1703125 0.30277777777777776
1 0.54921875 0.22916666666666666 0.0484375 0.06388888888888888
1 0.65 0.17916666666666667 0.0421875 0.06111111111111111
2 0.62734375 0.6847222222222222 0.21875 0.4305555555555556
2 0.88125 0.7055555555555556 0.2375 0.38333333333333336
2 0.5828125 0.2875 0.0640625 0.10833333333333334
1 0.49296875 0.28055555555555556 0.0390625 0.06388888888888888
1 0.5015625 0.3402777777777778 0.0578125 0.1
0 0.68515625 0.24583333333333332 0.0296875 0.07222222222222222
