0 0.78203125 0.5722222222222222 0.046875 0.13055555555555556
0 0.6140625 0.48055555555555557 0.0484375 0.14166666666666666
0 0.28828125 0.44305555555555554 0.05625 0.14722222222222223
0 0.20546875 0.46805555555555556 0.071875 0.15833333333333333
0 0.2796875 0.30833333333333335 0.040625 0.10833333333333334
0 0.3890625 0.2625 0.0375 0.10833333333333334
0 0.42109375 0.2375 0.0328125 0.08333333333333333
0 0.3828125 0.19722222222222222 0.0265625 0.07222222222222222
0 0.72890625 0.49583333333333335 0.05 0.12777777777777777
0 0.75234375 0.4361111111111111 0.0359375 0.08611111111111111
2 0.6 0.2763888888888889 0.1140625 0.2111111111111111
0 0.671875 0.33194444444444443 0.05 0.09444444444444444
1 0.43515625 0.3625 0.09375 0.20277777777777778
1 0.46953125 0.2722222222222222 0.0515625 0.09166666666666666
0 0.43671875 0.17222222222222222 0.0234375 0.06944444444444445
0 0.05703125 0.6013888888888889 0.1140625 0.275
0 0.27578125 0.2388888888888889 0.04375 0.08611111111111111
0 0.1015625 0.2388888888888889 0.0703125 0.12222222222222222
0 0.24140625 0.17777777777777778 0.0515625 0.06111111111111111
0 0.40234375 0.15694444444444444 0.0203125 0.05555555555555555
