0 0.75625 0.2777777777777778 0.053125 0.10277777777777777
0 0.290625 0.38055555555555554 0.046875 0.09722222222222222
0 0.25 0.45416666666666666 0.046875 0.11388888888888889
0 0.2921875 0.5791666666666667 0.0625 0.14444444444444443
0 0.2046875 0.8208333333333333 0.090625 0.18888888888888888
1 0.5671875 0.2125 0.065625 0.10277777777777777
0 0.5078125 0.2652777777777778 0.034375 0.06944444444444445
0 0.07265625 0.5694444444444444 0.071875 0.10833333333333334
2 0.4578125 0.20972222222222223 0.109375 0.16111111111111112
0 0.62734375 0.21944444444444444 0.0328125 0.07222222222222222
