1 0.66328125 0.6347222222222222 0.15625 0.375
0 0.90859375 0.30972222222222223 0.05 0.08055555555555556
0 0.7734375 0.2388888888888889 0.0671875 0.1
0 0.6609375 0.2972222222222222 0.028125 0.08888888888888889
0 0.60390625 0.2902777777777778 0.0265625 0.09166666666666666
1 0.55703125 0.2972222222222222 0.0640625 0.11666666666666667
0 0.4296875 0.25277777777777777 0.0265625 0.075
0 0.7890625 0.5763888888888888 0.059375 0.18055555555555555
0 0.896875 0.6347222222222222 0.0625 0.20277777777777778
0 0.64140625 0.21666666666666667 0.021875 0.07222222222222222
