0 0.82265625 0.475 0.08125 0.17222222222222222
0 0.784375 0.35694444444444445 0.046875 0.10277777777777777
0 0.9046875 0.25972222222222224 0.0765625 0.10833333333333334
0 0.7703125 0.1986111111111111 0.04375 0.06944444444444445
0 0.72890625 0.29305555555555557 0.0296875 0.09444444444444444
0 0.66796875 0.32083333333333336 0.0390625 0.11944444444444445
0 0.6734375 0.2847222222222222 0.0421875 0.09166666666666666
0 0.38125 0.4583333333333333 0.040625 0.10555555555555556
0 0.325 0.4305555555555556 0.0328125 0.10555555555555556
0 0.27421875 0.3958333333333333 0.028125 0.08333333333333333
0 0.29765625 0.3458333333333333 0.04375 0.09722222222222222
0 0.4265625 0.3541666666666667 0.0328125 0.08888888888888889
1 0.54453125 0.275 0.053125 0.09444444444444444
3 0.5234375 0.19305555555555556 0.0625 0.1111111111111111
0 0.5796875 0.22916666666666666 0.028125 0.07222222222222222
0 0.61953125 0.21944444444444444 0.0265625 0.07777777777777778
0 0.64375 0.20416666666666666 0.028125 0.075
0 0.59296875 0.18888888888888888 0.0203125 0.06111111111111111
0 0.61328125 0.15138888888888888 0.01875 0.04722222222222222
