1 0.61484375 0.5541666666666667 0.1125 0.2
0 0.74296875 0.475 0.0390625 0.09444444444444444
1 0.68515625 0.9180555555555555 0.2046875 0.1638888888888889
1 0.3953125 0.5305555555555556 0.1390625 0.26666666666666666
0 0.1125 0.20555555555555555 0.0796875 0.1111111111111111
0 0.246875 0.16111111111111112 0.0578125 0.06666666666666667
1 0.4703125 0.2791666666666667 0.0640625 0.11944444444444445
1 0.41875 0.2222222222222222 0.0609375 0.10277777777777777
0 0.5484375 0.2847222222222222 0.0484375 0.08333333333333333
0 0.821875 0.5319444444444444 0.0796875 0.14444444444444443
0 0.13671875 0.4527777777777778 0.0640625 0.18333333333333332
0 0.37421875 0.18472222222222223 0.025 0.07777777777777778
0 0.690625 0.32916666666666666 0.025 0.06944444444444445
