0 0.24296875 0.5736111111111111 0.046875 0.12222222222222222
0 0.13671875 0.6888888888888889 0.06875 0.17222222222222222
1 0.34140625 0.4013888888888889 0.0796875 0.13333333333333333
0 0.38828125 0.42916666666666664 0.05625 0.11388888888888889
0 0.62578125 0.2722222222222222 0.0359375 0.10555555555555556
0 0.73046875 0.37777777777777777 0.0484375 0.1388888888888889
0 0.90625 0.3972222222222222 0.078125 0.14166666666666666
0 0.896875 0.2263888888888889 0.0625 0.10555555555555556
0 0.646875 0.2263888888888889 0.0328125 0.08888888888888889
0 0.6 0.23472222222222222 0.0421875 0.10277777777777777
2 0.43125 0.25 0.0921875 0.15833333333333333
0 0.71484375 0.49027777777777776 0.0671875 0.18055555555555555
0 0.60234375 0.1736111111111111 0.03125 0.075
0 0.3515625 0.31666666666666665 0.0234375 0.06111111111111111
0 0.39296875 0.26666666666666666 0.028125 0.06666666666666667
