0 0.1828125 0.4638888888888889 0.0765625 0.17777777777777778
0 0.86171875 0.6986111111111111 0.0796875 0.18333333333333332
0 0.80234375 0.7041666666666667 0.065625 0.14166666666666666
0 0.784375 0.5069444444444444 0.053125 0.12777777777777777
0 0.7359375 0.46805555555555556 0.03125 0.08888888888888889
0 0.68984375 0.45 0.040625 0.1111111111111111
0 0.70546875 0.3819444444444444 0.0484375 0.075
0 0.9234375 0.5444444444444444 0.0640625 0.07777777777777778
0 0.7453125 0.4125 0.028125 0.05277777777777778
3 0.58359375 0.3625 0.0859375 0.16944444444444445
2 0.58359375 0.25972222222222224 0.0796875 0.13055555555555556
0 0.67109375 0.33611111111111114 0.0265625 0.07777777777777778
