1 0.60859375 0.85 0.15 0.3
1 0.6265625 0.3055555555555556 0.0546875 0.06388888888888888
1 0.56328125 0.2722222222222222 0.0515625 0.07222222222222222
2 0.72734375 0.6347222222222222 0.178125 0.3194444444444444
2 0.675 0.25416666666666665 0.0578125 0.07222222222222222
3 0.5453125 0.39861111111111114 0.1140625 0.2388888888888889
3 0.6421875 0.4013888888888889 0.0796875 0.18333333333333332
0 0.20078125 0.3138888888888889 0.028125 0.08888888888888889
0 0.07578125 0.45 0.046875 0.125
0 0.18125 0.26666666666666666 0.028125 0.075
0 0.14765625 0.25555555555555554 0.01875 0.06388888888888888
