0 0.33046875 0.3402777777777778 0.0453125 0.11666666666666667
0 0.6078125 0.5652777777777778 0.0625 0.18888888888888888
0 0.28984375 0.28194444444444444 0.0390625 0.09166666666666666
0 0.2390625 0.3736111111111111 0.034375 0.09722222222222222
2 0.46171875 0.2388888888888889 0.096875 0.16666666666666666
0 0.696875 0.49722222222222223 0.0484375 0.12777777777777777
0 0.66875 0.4083333333333333 0.040625 0.09444444444444444
0 0.646875 0.3597222222222222 0.0265625 0.07222222222222222
0 0.6015625 0.35138888888888886 0.0421875 0.09722222222222222
0 0.7265625 0.4388888888888889 0.0296875 0.10555555555555556
0 0.746875 0.3902777777777778 0.0296875 0.07777777777777778
0 0.7796875 0.7111111111111111 0.046875 0.18333333333333332
0 0.88515625 0.6555555555555556 0.0890625 0.18888888888888888
0 0.915625 0.4861111111111111 0.0734375 0.10277777777777777
0 0.94453125 0.7930555555555555 0.0734375 0.19722222222222222
0 0.684375 0.5958333333333333 0.0453125 0.1361111111111111
0 0.66484375 0.31805555555555554 0.028125 0.075
0 0.63828125 0.23472222222222222 0.0203125 0.058333333333333334
0 0.60234375 0.2902777777777778 0.0265625 0.075
0 0.3609375 0.19722222222222222 0.01875 0.06111111111111111
