0 0.04296875 0.7458333333333333 0.053125 0.16111111111111112
1 0.4125 0.8263888888888888 0.190625 0.3472222222222222
1 0.44921875 0.4930555555555556 0.0828125 0.14722222222222223
1 0.6078125 0.18472222222222223 0.0609375 0.06666666666666667
1 0.37421875 0.3236111111111111 0.0515625 0.08888888888888889
1 0.45703125 0.3597222222222222 0.059375 0.09444444444444444
2 0.28046875 0.5597222222222222 0.203125 0.37777777777777777
2 0.340625 0.2763888888888889 0.0703125 0.09444444444444444
2 0.459375 0.30277777777777776 0.0578125 0.07777777777777778
2 0.37421875 0.3236111111111111 0.0484375 0.08611111111111111
