0 0.303125 0.38055555555555554 0.0296875 0.10555555555555556
0 0.08125 0.39444444444444443 0.0578125 0.08333333333333333
0 0.1734375 0.30833333333333335 0.053125 0.09166666666666666
0 0.26875 0.3333333333333333 0.028125 0.08333333333333333
0 0.3640625 0.2722222222222222 0.03125 0.09722222222222222
0 0.4078125 0.3 0.0390625 0.09722222222222222
0 0.60625 0.26944444444444443 0.01875 0.06944444444444445
0 0.6296875 0.26944444444444443 0.01875 0.05555555555555555
0 0.65 0.2777777777777778 0.021875 0.06111111111111111
0 0.665625 0.25833333333333336 0.0265625 0.06666666666666667
0 0.684375 0.2972222222222222 0.025 0.075
0 0.7484375 0.37777777777777777 0.053125 0.09166666666666666
1 0.559375 0.2861111111111111 0.0546875 0.1
