0 0.703125 0.4777777777777778 0.0375 0.14722222222222223
0 0.759375 0.4166666666666667 0.0390625 0.13333333333333333
0 0.703125 0.3972222222222222 0.0359375 0.07777777777777778
0 0.6953125 0.29444444444444445 0.0171875 0.07222222222222222
0 0.6578125 0.2972222222222222 0.021875 0.06388888888888888
0 0.6171875 0.2722222222222222 0.025 0.058333333333333334
0 0.625 0.34444444444444444 0.0265625 0.06388888888888888
1 0.5640625 0.3277777777777778 0.0640625 0.08888888888888889
0 0.3109375 0.38333333333333336 0.034375 0.10555555555555556
0 0.30625 0.5194444444444445 0.0328125 0.13333333333333333
0 0.240625 0.55 0.05 0.13333333333333333
0 0.203125 0.46111111111111114 0.0453125 0.09166666666666666
0 0.375 0.20555555555555555 0.0171875 0.06944444444444445
0 0.0828125 0.39166666666666666 0.059375 0.07777777777777778
0 0.2140625 0.2916666666666667 0.0484375 0.05555555555555555
0 0.4953125 0.23055555555555557 0.021875 0.06944444444444445
