0 0.07109375 0.4736111111111111 0.0734375 0.09166666666666666
0 0.20546875 0.49027777777777776 0.0375 0.1111111111111111
0 0.278125 0.41805555555555557 0.03125 0.09444444444444444
0 0.25625 0.3638888888888889 0.025 0.075
0 0.29296875 0.34305555555555556 0.0296875 0.07777777777777778
0 0.3546875 0.4097222222222222 0.025 0.09166666666666666
0 0.38515625 0.4930555555555556 0.0453125 0.1527777777777778
0 0.37421875 0.34444444444444444 0.0296875 0.08888888888888889
0 0.3515625 0.2791666666666667 0.0234375 0.075
0 0.215625 0.5833333333333334 0.05 0.14722222222222223
