3 0.3265625 0.5944444444444444 0.325 0.8055555555555556
2 0.590625 0.40555555555555556 0.115625 0.30833333333333335
0 0.078125 0.40555555555555556 0.06875 0.1
0 0.290625 0.3055555555555556 0.0203125 0.06388888888888888
0 0.4171875 0.22777777777777777 0.0171875 0.044444444444444446
0 0.440625 0.2388888888888889 0.0171875 0.03888888888888889
0 0.634375 0.3 0.0265625 0.07777777777777778
0 0.6546875 0.2222222222222222 0.0171875 0.058333333333333334
0 0.596875 0.2 0.01875 0.058333333333333334
0 0.6171875 0.18888888888888888 0.0140625 0.04722222222222222
0 0.6359375 0.20555555555555555 0.0171875 0.06388888888888888
