0 0.7953125 0.7347222222222223 0.09375 0.2
1 0.34140625 0.7833333333333333 0.2234375 0.3888888888888889
1 0.24921875 0.44305555555555554 0.1578125 0.22777777777777777
0 0.134375 0.44166666666666665 0.078125 0.18611111111111112
3 0.45625 0.3277777777777778 0.0828125 0.18611111111111112
0 0.33203125 0.2375 0.059375 0.11944444444444445
0 0.2796875 0.24444444444444444 0.0453125 0.1111111111111111
0 0.378125 0.22777777777777777 0.0265625 0.06111111111111111
1 0.496875 0.2986111111111111 0.04375 0.09166666666666666
0 0.9265625 0.5722222222222222 0.0734375 0.08333333333333333
0 0.80703125 0.4097222222222222 0.0484375 0.058333333333333334
0 0.60703125 0.30416666666666664 0.05 0.08888888888888889
