0 0.296875 0.41805555555555557 0.0375 0.09722222222222222
0 0.4015625 0.2222222222222222 0.0203125 0.05
0 0.4328125 0.325 0.025 0.058333333333333334
0 0.4796875 0.25833333333333336 0.0484375 0.075
0 0.60546875 0.24305555555555555 0.0296875 0.06944444444444445
1 0.56875 0.3402777777777778 0.0796875 0.1527777777777778
0 0.90078125 0.2652777777777778 0.0640625 0.08055555555555556
0 0.40703125 0.32222222222222224 0.0265625 0.06388888888888888
0 0.40234375 0.27361111111111114 0.0234375 0.058333333333333334
0 0.44765625 0.22361111111111112 0.0203125 0.05555555555555555
