1 0.28828125 0.5777777777777777 0.1375 0.21666666666666667
1 0.4125 0.6569444444444444 0.121875 0.23055555555555557
1 0.46796875 0.45555555555555555 0.071875 0.13333333333333333
1 0.49140625 0.3055555555555556 0.053125 0.09166666666666666
1 0.31015625 0.2013888888888889 0.040625 0.05277777777777778
1 0.3546875 0.22083333333333333 0.04375 0.05277777777777778
1 0.4234375 0.28194444444444444 0.0421875 0.05555555555555555
1 0.38203125 0.2152777777777778 0.034375 0.044444444444444446
1 0.43515625 0.24166666666666667 0.0359375 0.04722222222222222
1 0.3953125 0.2513888888888889 0.0390625 0.05277777777777778
1 0.40234375 0.3472222222222222 0.05625 0.1
3 0.5375 0.20555555555555555 0.1234375 0.09444444444444444
0 0.83515625 0.3527777777777778 0.034375 0.08333333333333333
