1 0.37578125 0.5847222222222223 0.1421875 0.24444444444444444
1 0.44609375 0.18194444444444444 0.065625 0.125
0 0.396875 0.1763888888888889 0.025 0.05555555555555555
0 0.76015625 0.6833333333333333 0.065625 0.18055555555555555
0 0.70078125 0.6152777777777778 0.040625 0.1111111111111111
0 0.66328125 0.4652777777777778 0.0484375 0.11666666666666667
0 0.60234375 0.5527777777777778 0.0703125 0.20833333333333334
0 0.61953125 0.4 0.034375 0.09722222222222222
0 0.58359375 0.3875 0.0375 0.10555555555555556
0 0.70859375 0.4708333333333333 0.0484375 0.10555555555555556
0 0.74921875 0.4638888888888889 0.0375 0.10277777777777777
0 0.8421875 0.7875 0.1 0.2
0 0.9234375 0.5555555555555556 0.0703125 0.08611111111111111
0 0.6875 0.3888888888888889 0.028125 0.08055555555555556
0 0.6609375 0.3236111111111111 0.03125 0.08055555555555556
0 0.6421875 0.30833333333333335 0.03125 0.06388888888888888
0 0.61484375 0.29305555555555557 0.0328125 0.08333333333333333
0 0.7609375 0.5597222222222222 0.0390625 0.11388888888888889
0 0.66640625 0.24583333333333332 0.0203125 0.058333333333333334
0 0.6453125 0.24444444444444444 0.01875 0.05277777777777778
