0 0.871875 0.5541666666666667 0.071875 0.16666666666666666
0 0.72734375 0.5388888888888889 0.0578125 0.175
0 0.66640625 0.4041666666666667 0.0359375 0.13055555555555556
0 0.696875 0.34305555555555556 0.0453125 0.10555555555555556
0 0.628125 0.30972222222222223 0.0234375 0.08611111111111111
0 0.65546875 0.2916666666666667 0.025 0.07222222222222222
2 0.36796875 0.38333333333333336 0.1625 0.3277777777777778
0 0.1734375 0.43472222222222223 0.059375 0.13055555555555556
0 0.3140625 0.2569444444444444 0.0421875 0.10277777777777777
0 0.4375 0.225 0.0265625 0.06388888888888888
1 0.47890625 0.2388888888888889 0.0515625 0.09444444444444444
0 0.6171875 0.2361111111111111 0.025 0.06388888888888888
0 0.925 0.45 0.0515625 0.08888888888888889
0 0.7984375 0.32222222222222224 0.053125 0.06944444444444445
0 0.65625 0.23194444444444445 0.0234375 0.06666666666666667
0 0.5984375 0.30833333333333335 0.0265625 0.08611111111111111
0 0.74609375 0.4527777777777778 0.03125 0.11666666666666667
