1 0.59453125 0.5416666666666666 0.115625 0.18333333333333332
1 0.83359375 0.7069444444444445 0.1828125 0.3333333333333333
1 0.63828125 0.8388888888888889 0.171875 0.3111111111111111
3 0.565625 0.35694444444444445 0.0796875 0.16666666666666666
1 0.67890625 0.3888888888888889 0.0984375 0.14166666666666666
0 0.63125 0.26666666666666666 0.0203125 0.08611111111111111
0 0.65 0.2625 0.021875 0.058333333333333334
0 0.68046875 0.2916666666666667 0.025 0.07777777777777778
0 0.74375 0.3375 0.05 0.09444444444444444
1 0.41171875 0.4 0.0625 0.1388888888888889
0 0.15625 0.5958333333333333 0.046875 0.14444444444444443
0 0.0828125 0.4375 0.0578125 0.06111111111111111
0 0.21015625 0.3013888888888889 0.0546875 0.041666666666666664
0 0.3609375 0.25277777777777777 0.0203125 0.06388888888888888
