1 0.66640625 0.34305555555555556 0.1171875 0.19444444444444445
0 0.34375 0.5055555555555555 0.053125 0.15
0 0.28984375 0.4625 0.0375 0.09722222222222222
0 0.22265625 0.6666666666666666 0.0546875 0.16111111111111112
0 0.25390625 0.8819444444444444 0.1359375 0.2361111111111111
0 0.07109375 0.5625 0.053125 0.08333333333333333
0 0.43671875 0.3194444444444444 0.0375 0.07777777777777778
0 0.63515625 0.18472222222222223 0.0328125 0.08333333333333333
0 0.49453125 0.2125 0.03125 0.06944444444444445
0 0.3703125 0.3472222222222222 0.0328125 0.08611111111111111
0 0.32265625 0.3236111111111111 0.0234375 0.07222222222222222
0 0.375 0.26944444444444443 0.021875 0.06944444444444445
0 0.93671875 0.5958333333333333 0.09375 0.2222222222222222
