1 0.34375 0.7513888888888889 0.1671875 0.35833333333333334
1 0.4140625 0.4875 0.1078125 0.20555555555555555
1 0.2875 0.39305555555555555 0.125 0.19444444444444445
3 0.4453125 0.3277777777777778 0.0875 0.18055555555555555
1 0.36171875 0.29583333333333334 0.0734375 0.13055555555555556
0 0.2796875 0.2708333333333333 0.0515625 0.10833333333333334
0 0.37265625 0.22361111111111112 0.0296875 0.06388888888888888
0 0.4015625 0.24861111111111112 0.040625 0.08611111111111111
0 0.92109375 0.55 0.071875 0.08888888888888889
0 0.8046875 0.3902777777777778 0.0546875 0.06666666666666667
0 0.33828125 0.23472222222222222 0.0296875 0.075
0 0.0734375 0.5166666666666667 0.0734375 0.1527777777777778
