1 0.43984375 0.29305555555555557 0.0609375 0.09722222222222222
0 0.384375 0.33194444444444443 0.0375 0.09166666666666666
3 0.42890625 0.19583333333333333 0.065625 0.13333333333333333
0 0.67265625 0.42916666666666664 0.05 0.14444444444444443
0 0.809375 0.5972222222222222 0.0703125 0.18611111111111112
0 0.71171875 0.3402777777777778 0.0390625 0.10555555555555556
0 0.65 0.3 0.03125 0.08888888888888889
0 0.66328125 0.2652777777777778 0.025 0.07777777777777778
0 0.59765625 0.2763888888888889 0.0265625 0.08055555555555556
0 0.603125 0.225 0.0265625 0.06944444444444445
0 0.559375 0.2125 0.021875 0.058333333333333334
0 0.58359375 0.19583333333333333 0.0140625 0.044444444444444446
0 0.3953125 0.2902777777777778 0.0265625 0.06944444444444445
