1 0.61796875 0.6458333333333334 0.121875 0.225
0 0.77109375 0.7388888888888889 0.075 0.19166666666666668
0 0.67109375 0.35138888888888886 0.0328125 0.075
0 0.33671875 0.5041666666666667 0.0578125 0.16944444444444445
0 0.21328125 0.5430555555555555 0.059375 0.14444444444444443
0 0.2796875 0.6097222222222223 0.06875 0.18611111111111112
0 0.29296875 0.3736111111111111 0.04375 0.1111111111111111
0 0.340625 0.31666666666666665 0.034375 0.10555555555555556
0 0.38125 0.26944444444444443 0.0265625 0.08333333333333333
0 0.4125 0.2777777777777778 0.0296875 0.06944444444444445
0 0.403125 0.5180555555555556 0.0625 0.14444444444444443
0 0.08671875 0.7375 0.0953125 0.25833333333333336
0 0.0375 0.6263888888888889 0.075 0.20277777777777778
0 0.3765625 0.23472222222222222 0.0171875 0.058333333333333334
