0 0.4328125 0.5388888888888889 0.0375 0.15
0 0.49765625 0.25555555555555554 0.0421875 0.11388888888888889
0 0.415625 0.1986111111111111 0.025 0.058333333333333334
1 0.5828125 0.6013888888888889 0.11875 0.26666666666666666
0 0.70078125 0.6 0.053125 0.13333333333333333
0 0.653125 0.44722222222222224 0.0484375 0.09444444444444444
0 0.771875 0.5055555555555555 0.0421875 0.1111111111111111
0 0.80234375 0.6583333333333333 0.059375 0.15
0 0.78359375 0.8555555555555555 0.0734375 0.20277777777777778
0 0.91796875 0.4930555555555556 0.0515625 0.07222222222222222
0 0.60859375 0.31666666666666665 0.03125 0.08055555555555556
0 0.6703125 0.3111111111111111 0.0296875 0.075
0 0.6265625 0.2388888888888889 0.0265625 0.04722222222222222
0 0.74921875 0.5597222222222222 0.0296875 0.10277777777777777
0 0.77109375 0.42777777777777776 0.0265625 0.075
0 0.9265625 0.8166666666666667 0.08125 0.19722222222222222
