0 0.72109375 0.3472222222222222 0.0234375 0.08888888888888889
0 0.703125 0.35 0.015625 0.06388888888888888
0 0.6890625 0.32916666666666666 0.025 0.08055555555555556
0 0.66875 0.3138888888888889 0.0234375 0.058333333333333334
0 0.64609375 0.3 0.0234375 0.06944444444444445
0 0.62265625 0.29583333333333334 0.0203125 0.08055555555555556
0 0.60390625 0.29305555555555557 0.0203125 0.05555555555555555
1 0.565625 0.3125 0.0578125 0.1111111111111111
0 0.0875 0.33611111111111114 0.0796875 0.08333333333333333
0 0.21953125 0.2388888888888889 0.04375 0.05555555555555555
0 0.528125 0.30694444444444446 0.025 0.07777777777777778
0 0.66484375 0.3638888888888889 0.0203125 0.07777777777777778
0 0.36953125 0.21805555555555556 0.021875 0.07777777777777778
0 0.36015625 0.2111111111111111 0.015625 0.058333333333333334
