0 0.6859375 0.4861111111111111 0.0515625 0.125
0 0.740625 0.4444444444444444 0.0359375 0.06944444444444445
0 0.70625 0.32222222222222224 0.0203125 0.058333333333333334
0 0.75 0.35 0.0296875 0.075
1 0.565625 0.44166666666666665 0.0703125 0.14166666666666666
0 0.3671875 0.4527777777777778 0.025 0.125
0 0.275 0.46944444444444444 0.034375 0.11666666666666667
1 0.178125 0.7416666666666667 0.1734375 0.30833333333333335
0 0.075 0.4027777777777778 0.04375 0.05277777777777778
0 0.2078125 0.28055555555555556 0.0328125 0.03888888888888889
0 0.2875 0.33055555555555555 0.028125 0.09444444444444444
0 0.259375 0.36666666666666664 0.0265625 0.058333333333333334
0 0.334375 0.37222222222222223 0.0328125 0.08333333333333333
0 0.321875 0.28055555555555556 0.0296875 0.06388888888888888
0 0.346875 0.28055555555555556 0.025 0.07222222222222222
0 0.3796875 0.28055555555555556 0.021875 0.08333333333333333
0 0.4296875 0.25833333333333336 0.0265625 0.05555555555555555
1 0.5359375 0.29444444444444445 0.0390625 0.09166666666666666
0 0.653125 0.2777777777777778 0.0203125 0.06944444444444445
0 0.58125 0.21388888888888888 0.01875 0.06388888888888888
0 0.6671875 0.25833333333333336 0.0203125 0.06388888888888888
0 0.2484375 0.42777777777777776 0.028125 0.10277777777777777
0 0.3984375 0.24722222222222223 0.01875 0.07777777777777778
0 0.365625 0.25 0.01875 0.08055555555555556
