0 0.39375 0.37916666666666665 0.025 0.07777777777777778
1 0.52890625 0.4041666666666667 0.065625 0.125
1 0.6421875 0.4041666666666667 0.065625 0.11388888888888889
1 0.5140625 0.33611111111111114 0.0546875 0.075
1 0.56171875 0.24722222222222223 0.046875 0.06944444444444445
1 0.68125 0.20972222222222223 0.0375 0.044444444444444446
2 0.61640625 0.24027777777777778 0.0609375 0.1
3 0.678125 0.7208333333333333 0.3484375 0.5333333333333333
3 0.61328125 0.3194444444444444 0.053125 0.12222222222222222
0 0.16328125 0.3111111111111111 0.021875 0.08055555555555556
