1 0.425 0.5388888888888889 0.1265625 0.22777777777777777
3 0.4046875 0.3111111111111111 0.121875 0.26666666666666666
0 0.16875 0.8013888888888889 0.078125 0.17222222222222222
0 0.90078125 0.2388888888888889 0.0578125 0.09444444444444444
0 0.6015625 0.21944444444444444 0.028125 0.06944444444444445
1 0.35078125 0.3611111111111111 0.046875 0.09722222222222222
0 0.30234375 0.48194444444444445 0.0390625 0.09166666666666666
0 0.29140625 0.4236111111111111 0.03125 0.07222222222222222
0 0.30078125 0.3763888888888889 0.0296875 0.075
0 0.32578125 0.31805555555555554 0.025 0.05555555555555555
