1 0.35 0.49166666666666664 0.1 0.18611111111111112
0 0.728125 0.31666666666666665 0.040625 0.11944444444444445
0 0.84765625 0.4152777777777778 0.071875 0.15555555555555556
0 0.625 0.26805555555555555 0.0359375 0.09444444444444444
0 0.15 0.6777777777777778 0.0625 0.175
0 0.20546875 0.6916666666666667 0.0671875 0.16111111111111112
0 0.24765625 0.47638888888888886 0.0359375 0.09166666666666666
0 0.2875 0.4 0.05 0.09444444444444444
0 0.340625 0.34305555555555556 0.0296875 0.07777777777777778
0 0.315625 0.32916666666666666 0.0234375 0.06111111111111111
0 0.17734375 0.43194444444444446 0.0421875 0.08055555555555556
0 0.08046875 0.6027777777777777 0.0828125 0.11388888888888889
0 0.08046875 0.8958333333333334 0.0859375 0.15833333333333333
1 0.71875 0.8263888888888888 0.1671875 0.2222222222222222
0 0.22421875 0.6027777777777777 0.059375 0.15555555555555556
0 0.28984375 0.575 0.053125 0.14722222222222223
0 0.32890625 0.2652777777777778 0.0265625 0.06944444444444445
0 0.38203125 0.2777777777777778 0.028125 0.07222222222222222
0 0.71328125 0.23194444444444445 0.040625 0.10277777777777777
0 0.634375 0.18888888888888888 0.03125 0.08055555555555556
0 0.60703125 0.15833333333333333 0.025 0.06111111111111111
