1 0.4671875 0.27361111111111114 0.0703125 0.1388888888888889
0 0.27109375 0.4236111111111111 0.0578125 0.13333333333333333
0 0.28125 0.3 0.0484375 0.125
0 0.32890625 0.24861111111111112 0.028125 0.07777777777777778
0 0.34453125 0.2361111111111111 0.0265625 0.08055555555555556
0 0.365625 0.2611111111111111 0.040625 0.09166666666666666
0 0.390625 0.23333333333333334 0.034375 0.07222222222222222
0 0.41015625 0.24583333333333332 0.040625 0.08611111111111111
0 0.43125 0.25555555555555554 0.028125 0.075
0 0.69921875 0.39305555555555555 0.0359375 0.10277777777777777
0 0.92734375 0.5541666666666667 0.08125 0.10277777777777777
0 0.80703125 0.38472222222222224 0.05625 0.058333333333333334
0 0.66484375 0.30277777777777776 0.0328125 0.075
0 0.253125 0.2708333333333333 0.034375 0.1
