1 0.3796875 0.5819444444444445 0.13125 0.2777777777777778
1 0.61875 0.8097222222222222 0.18125 0.34444444444444444
1 0.5890625 0.5222222222222223 0.11875 0.20833333333333334
1 0.71953125 0.4861111111111111 0.1296875 0.18888888888888888
3 0.575 0.3541666666666667 0.0875 0.16944444444444445
1 0.66875 0.3625 0.0765625 0.11944444444444445
0 0.72578125 0.36944444444444446 0.021875 0.09444444444444444
0 0.74609375 0.3902777777777778 0.028125 0.1111111111111111
0 0.62109375 0.23472222222222222 0.0265625 0.044444444444444446
0 0.65625 0.28194444444444444 0.0265625 0.06666666666666667
0 0.69609375 0.3125 0.0296875 0.075
0 0.07578125 0.3819444444444444 0.0546875 0.04722222222222222
0 0.2140625 0.2708333333333333 0.0515625 0.058333333333333334
