0 0.77265625 0.43333333333333335 0.0609375 0.12777777777777777
1 0.5796875 0.25277777777777777 0.065625 0.1
0 0.65234375 0.22361111111111112 0.03125 0.07777777777777778
0 0.31796875 0.4527777777777778 0.0390625 0.10833333333333334
0 0.24921875 0.4652777777777778 0.03125 0.09166666666666666
0 0.3140625 0.675 0.065625 0.16944444444444445
0 0.215625 0.7569444444444444 0.0625 0.16944444444444445
0 0.10625 0.7472222222222222 0.053125 0.11944444444444445
0 0.175 0.5819444444444445 0.0453125 0.125
0 0.0765625 0.4263888888888889 0.0609375 0.07777777777777778
0 0.2734375 0.3638888888888889 0.03125 0.08333333333333333
0 0.303125 0.35694444444444445 0.034375 0.10833333333333334
3 0.4421875 0.25833333333333336 0.0984375 0.24444444444444444
0 0.63125 0.19166666666666668 0.015625 0.05555555555555555
0 0.6140625 0.18472222222222223 0.0171875 0.058333333333333334
0 0.17734375 0.4722222222222222 0.0359375 0.10555555555555556
0 0.3765625 0.2625 0.0265625 0.075
0 0.34140625 0.23194444444444445 0.0140625 0.044444444444444446
0 0.03203125 0.7125 0.0515625 0.19444444444444445
