0 0.09296875 0.7125 0.0703125 0.16944444444444445
0 0.20703125 0.5375 0.04375 0.12777777777777777
0 0.23359375 0.4375 0.028125 0.08055555555555556
0 0.28984375 0.45 0.034375 0.08611111111111111
0 0.3234375 0.4597222222222222 0.0359375 0.10277777777777777
0 0.2984375 0.3819444444444444 0.028125 0.08055555555555556
0 0.07109375 0.47638888888888886 0.0625 0.07777777777777778
0 0.7390625 0.42777777777777776 0.034375 0.08888888888888889
0 0.690625 0.32222222222222224 0.028125 0.08888888888888889
1 0.62578125 0.3138888888888889 0.065625 0.10277777777777777
0 0.81953125 0.4847222222222222 0.05 0.11388888888888889
2 0.80703125 0.7222222222222222 0.2484375 0.4777777777777778
1 0.56328125 0.21666666666666667 0.046875 0.08055555555555556
0 0.5109375 0.2638888888888889 0.0296875 0.07777777777777778
0 0.3296875 0.3527777777777778 0.0328125 0.08611111111111111
0 0.35234375 0.3347222222222222 0.0265625 0.07777777777777778
1 0.4390625 0.29305555555555557 0.05625 0.1
0 0.5109375 0.20416666666666666 0.0171875 0.041666666666666664
0 0.65546875 0.25833333333333336 0.015625 0.05277777777777778
