0 0.8390625 0.28888888888888886 0.0234375 0.075
0 0.65703125 0.4986111111111111 0.0421875 0.12222222222222222
1 0.15546875 0.9083333333333333 0.2203125 0.18333333333333332
1 0.44921875 0.525 0.0984375 0.17777777777777778
1 0.3203125 0.5444444444444444 0.115625 0.19444444444444445
1 0.43828125 0.2361111111111111 0.0609375 0.06111111111111111
1 0.45625 0.2833333333333333 0.046875 0.06666666666666667
1 0.4640625 0.41388888888888886 0.065625 0.09722222222222222
1 0.2953125 0.25833333333333336 0.040625 0.05
2 0.378125 0.29305555555555557 0.059375 0.1111111111111111
3 0.36015625 0.39861111111111114 0.065625 0.14444444444444443
