0 0.221875 0.7972222222222223 0.0671875 0.22777777777777777
0 0.1875 0.5694444444444444 0.05625 0.19444444444444445
0 0.303125 0.49722222222222223 0.0546875 0.11388888888888889
0 0.0796875 0.4 0.059375 0.06666666666666667
0 0.209375 0.28888888888888886 0.0578125 0.07777777777777778
0 0.328125 0.2861111111111111 0.0203125 0.08333333333333333
1 0.4484375 0.2833333333333333 0.046875 0.09722222222222222
0 0.5234375 0.275 0.0515625 0.075
0 0.6640625 0.3388888888888889 0.0265625 0.09166666666666666
0 0.921875 0.6694444444444444 0.0421875 0.15555555555555556
0 0.8734375 0.7916666666666666 0.0578125 0.21388888888888888
