0 0.66484375 0.2722222222222222 0.0390625 0.09722222222222222
0 0.5234375 0.175 0.021875 0.05
0 0.51875 0.2916666666666667 0.0265625 0.06111111111111111
0 0.4609375 0.2652777777777778 0.05 0.07777777777777778
0 0.34296875 0.3458333333333333 0.03125 0.07222222222222222
1 0.4 0.40694444444444444 0.0828125 0.15833333333333333
0 0.08046875 0.5888888888888889 0.0640625 0.08333333333333333
0 0.54140625 0.26944444444444443 0.028125 0.06666666666666667
0 0.53515625 0.22083333333333333 0.025 0.058333333333333334
0 0.48203125 0.20972222222222223 0.021875 0.05555555555555555
