0 0.32734375 0.2708333333333333 0.0421875 0.10277777777777777
0 0.3984375 0.2611111111111111 0.03125 0.07777777777777778
1 0.66640625 0.40694444444444444 0.1 0.17777777777777778
0 0.59609375 0.37916666666666665 0.0375 0.1
0 0.7109375 0.5833333333333334 0.05625 0.125
0 0.82734375 0.8625 0.0828125 0.21666666666666667
0 0.71640625 0.3958333333333333 0.03125 0.075
0 0.70546875 0.3277777777777778 0.021875 0.05
0 0.66171875 0.30694444444444446 0.025 0.058333333333333334
0 0.60625 0.28888888888888886 0.028125 0.06944444444444445
0 0.63203125 0.2902777777777778 0.025 0.06111111111111111
3 0.4984375 0.2111111111111111 0.0734375 0.14722222222222223
0 0.68125 0.30416666666666664 0.028125 0.06388888888888888
