0 0.15390625 0.46805555555555556 0.0328125 0.09444444444444444
0 0.1125 0.5458333333333333 0.0390625 0.11388888888888889
0 0.1234375 0.43194444444444446 0.025 0.07222222222222222
1 0.60234375 0.6763888888888889 0.1296875 0.25
1 0.8796875 0.7763888888888889 0.240625 0.3138888888888889
1 0.55234375 0.24305555555555555 0.053125 0.06944444444444445
2 0.68125 0.45416666666666666 0.1328125 0.2361111111111111
2 0.6609375 0.18472222222222223 0.05 0.075
3 0.51953125 0.33194444444444443 0.1 0.2222222222222222
3 0.6125 0.3236111111111111 0.0734375 0.1638888888888889
3 0.3078125 0.24444444444444444 0.0828125 0.09444444444444444
