0 0.37890625 0.39861111111111114 0.0390625 0.10555555555555556
1 0.7234375 0.5555555555555556 0.11875 0.19722222222222222
0 0.684375 0.6625 0.046875 0.14722222222222223
0 0.725 0.4361111111111111 0.03125 0.08888888888888889
0 0.69609375 0.3680555555555556 0.0296875 0.09722222222222222
0 0.6421875 0.3055555555555556 0.0296875 0.06388888888888888
2 0.56171875 0.2763888888888889 0.0828125 0.1638888888888889
0 0.30859375 0.4375 0.053125 0.14722222222222223
0 0.30859375 0.3402777777777778 0.0375 0.08888888888888889
0 0.36171875 0.2652777777777778 0.028125 0.075
0 0.40546875 0.2708333333333333 0.025 0.09444444444444444
0 0.2578125 0.3333333333333333 0.0328125 0.08888888888888889
0 0.1265625 0.5486111111111112 0.0515625 0.15555555555555556
0 0.215625 0.6041666666666666 0.05 0.13333333333333333
0 0.22421875 0.4652777777777778 0.040625 0.1111111111111111
0 0.0859375 0.3458333333333333 0.0671875 0.08333333333333333
0 0.371875 0.2111111111111111 0.021875 0.06944444444444445
