0 0.16875 0.40694444444444444 0.028125 0.08888888888888889
1 0.61328125 0.7555555555555555 0.1578125 0.3333333333333333
1 0.6359375 0.44722222222222224 0.0765625 0.13333333333333333
1 0.73984375 0.6263888888888889 0.140625 0.21666666666666667
1 0.5765625 0.3402777777777778 0.053125 0.09444444444444444
1 0.58046875 0.275 0.046875 0.07222222222222222
1 0.91640625 0.8694444444444445 0.1671875 0.1388888888888889
2 0.5078125 0.2152777777777778 0.1234375 0.09444444444444444
2 0.703125 0.2125 0.040625 0.06111111111111111
2 0.67265625 0.23333333333333334 0.0390625 0.07777777777777778
3 0.5421875 0.25 0.0546875 0.09166666666666666
