3 0.03125 0.8222222222222222 0.0625 0.35555555555555557
3 0.534375 0.2833333333333333 0.0609375 0.12222222222222222
1 0.56875 0.5666666666666667 0.1234375 0.19722222222222222
1 0.6640625 0.8333333333333334 0.1921875 0.33055555555555555
1 0.8796875 0.8666666666666667 0.2390625 0.2611111111111111
1 0.525 0.35555555555555557 0.0421875 0.06666666666666667
3 0.2375 0.7444444444444445 0.253125 0.5111111111111111
0 0.759375 0.4222222222222222 0.028125 0.08055555555555556
2 0.6796875 0.5055555555555555 0.1171875 0.20833333333333334
3 0.621875 0.3416666666666667 0.0625 0.125
