0 0.28203125 0.5222222222222223 0.0609375 0.16944444444444445
0 0.13046875 0.5597222222222222 0.078125 0.20555555555555555
0 0.19609375 0.5597222222222222 0.065625 0.15833333333333333
0 0.04140625 0.5472222222222223 0.0828125 0.17777777777777778
0 0.09765625 0.26944444444444443 0.06875 0.09444444444444444
0 0.128125 0.23055555555555557 0.0359375 0.09444444444444444
1 0.4296875 0.4125 0.1046875 0.19166666666666668
1 0.59921875 0.37916666666666665 0.0640625 0.1111111111111111
2 0.63125 0.26805555555555555 0.09375 0.16111111111111112
1 0.68515625 0.9111111111111111 0.2015625 0.17777777777777778
1 0.4640625 0.2833333333333333 0.0703125 0.125
0 0.30546875 0.31805555555555554 0.0328125 0.08055555555555556
0 0.26015625 0.3902777777777778 0.053125 0.14166666666666666
0 0.2984375 0.3861111111111111 0.046875 0.10833333333333334
0 0.33828125 0.48055555555555557 0.05625 0.11666666666666667
0 0.35703125 0.3597222222222222 0.0515625 0.125
0 0.33828125 0.33611111111111114 0.0421875 0.11944444444444445
0 0.34140625 0.2611111111111111 0.028125 0.06111111111111111
0 0.37890625 0.2361111111111111 0.0265625 0.08611111111111111
0 0.4 0.2263888888888889 0.0234375 0.075
0 0.4171875 0.24861111111111112 0.021875 0.06944444444444445
0 0.4484375 0.23333333333333334 0.01875 0.058333333333333334
0 0.3203125 0.2513888888888889 0.025 0.07222222222222222
0 0.45 0.2222222222222222 0.015625 0.058333333333333334
