0 0.91875 0.36666666666666664 0.0609375 0.07222222222222222
0 0.6828125 0.3277777777777778 0.0265625 0.058333333333333334
0 0.69296875 0.29305555555555557 0.025 0.06388888888888888
0 0.653125 0.2375 0.0203125 0.06388888888888888
0 0.35546875 0.375 0.034375 0.08333333333333333
0 0.2984375 0.3458333333333333 0.0234375 0.075
0 0.26484375 0.37222222222222223 0.025 0.08055555555555556
2 0.8171875 0.5458333333333333 0.2890625 0.5361111111111111
3 0.5859375 0.34444444444444444 0.15 0.4027777777777778
0 0.390625 0.24861111111111112 0.0203125 0.05555555555555555
0 0.72734375 0.30416666666666664 0.0234375 0.05555555555555555
0 0.678125 0.26666666666666666 0.0171875 0.06388888888888888
