0 0.68828125 0.5305555555555556 0.075 0.20277777777777778
0 0.76640625 0.3333333333333333 0.05625 0.14444444444444443
1 0.53671875 0.28055555555555556 0.0765625 0.11944444444444445
0 0.31328125 0.5375 0.0421875 0.12222222222222222
0 0.340625 0.3958333333333333 0.040625 0.10277777777777777
0 0.25859375 0.5333333333333333 0.0453125 0.11666666666666667
0 0.21953125 0.7847222222222222 0.075 0.18611111111111112
0 0.08671875 0.5833333333333334 0.08125 0.09166666666666666
0 0.2734375 0.36527777777777776 0.0328125 0.08611111111111111
0 0.371875 0.33055555555555555 0.0390625 0.08888888888888889
0 0.33828125 0.30277777777777776 0.03125 0.07777777777777778
0 0.228125 0.5375 0.0453125 0.125
0 0.40703125 0.2972222222222222 0.0265625 0.07222222222222222
0 0.3609375 0.25555555555555554 0.0265625 0.06388888888888888
0 0.57265625 0.16944444444444445 0.03125 0.06944444444444445
0 0.553125 0.1986111111111111 0.0265625 0.06944444444444445
