0 0.15 0.7347222222222223 0.0796875 0.19722222222222222
0 0.246875 0.5444444444444444 0.0609375 0.14166666666666666
0 0.29296875 0.425 0.0546875 0.1361111111111111
0 0.32890625 0.3611111111111111 0.040625 0.1
0 0.3390625 0.30694444444444446 0.028125 0.08055555555555556
0 0.359375 0.32222222222222224 0.0328125 0.08611111111111111
0 0.75546875 0.30416666666666664 0.04375 0.10555555555555556
0 0.86015625 0.4625 0.075 0.2
0 0.66171875 0.21805555555555556 0.0359375 0.08611111111111111
2 0.5703125 0.2722222222222222 0.1328125 0.25
1 0.4171875 0.28194444444444444 0.053125 0.10277777777777777
1 0.490625 0.2111111111111111 0.046875 0.07777777777777778
0 0.2078125 0.4930555555555556 0.0578125 0.12222222222222222
0 0.075 0.5444444444444444 0.0828125 0.11666666666666667
0 0.19140625 0.3861111111111111 0.053125 0.07222222222222222
0 0.2921875 0.7694444444444445 0.084375 0.22777777777777777
0 0.25 0.6763888888888889 0.05625 0.1388888888888889
0 0.303125 0.33055555555555555 0.028125 0.09166666666666666
0 0.35625 0.23333333333333334 0.0203125 0.06666666666666667
0 0.33125 0.2361111111111111 0.01875 0.05277777777777778
0 0.3703125 0.23333333333333334 0.0203125 0.058333333333333334
