0 0.6640625 0.47638888888888886 0.0703125 0.1388888888888889
0 0.8109375 0.5694444444444444 0.040625 0.09444444444444444
0 0.92421875 0.5583333333333333 0.075 0.10555555555555556
0 0.81015625 0.4013888888888889 0.05 0.058333333333333334
0 0.29765625 0.30972222222222223 0.0421875 0.1111111111111111
0 0.31796875 0.23472222222222222 0.025 0.05555555555555555
0 0.36796875 0.2791666666666667 0.03125 0.08333333333333333
0 0.38984375 0.2875 0.0296875 0.06388888888888888
0 0.41328125 0.3277777777777778 0.03125 0.07222222222222222
0 0.3625 0.24583333333333332 0.0265625 0.06944444444444445
0 0.7125 0.875 0.090625 0.22777777777777777
0 0.678125 0.2916666666666667 0.0265625 0.06111111111111111
0 0.62890625 0.2652777777777778 0.03125 0.08611111111111111
0 0.6546875 0.24583333333333332 0.0203125 0.05555555555555555
0 0.4578125 0.2375 0.0265625 0.06388888888888888
1 0.5015625 0.19444444444444445 0.0453125 0.07777777777777778
0 0.40234375 0.19583333333333333 0.0203125 0.05277777777777778
0 0.36015625 0.19722222222222222 0.025 0.06944444444444445
