0 0.1640625 0.32222222222222224 0.0203125 0.07222222222222222
1 0.8484375 0.8777777777777778 0.23125 0.24166666666666667
1 0.5640625 0.6111111111111112 0.09375 0.17777777777777778
1 0.6734375 0.5472222222222223 0.1046875 0.16111111111111112
1 0.665625 0.9 0.1890625 0.2
1 0.5265625 0.4111111111111111 0.0578125 0.10555555555555556
1 0.525 0.2972222222222222 0.0484375 0.07777777777777778
1 0.603125 0.3472222222222222 0.0515625 0.08611111111111111
1 0.59375 0.2833333333333333 0.0390625 0.06388888888888888
3 0.5078125 0.2 0.1140625 0.08333333333333333
