0 0.075 0.39444444444444443 0.0515625 0.05555555555555555
0 0.1828125 0.4638888888888889 0.025 0.10555555555555556
0 0.2390625 0.49722222222222223 0.025 0.09722222222222222
0 0.278125 0.38333333333333336 0.0328125 0.06388888888888888
0 0.3109375 0.41388888888888886 0.028125 0.11388888888888889
0 0.3546875 0.4166666666666667 0.0234375 0.07777777777777778
0 0.378125 0.2861111111111111 0.028125 0.06111111111111111
0 0.33125 0.3055555555555556 0.0234375 0.06111111111111111
0 0.421875 0.2972222222222222 0.0265625 0.06388888888888888
0 0.3765625 0.23055555555555557 0.0171875 0.041666666666666664
0 0.26875 0.45555555555555555 0.0296875 0.10277777777777777
0 0.065625 0.7944444444444444 0.0625 0.23055555555555557
0 0.2171875 0.6194444444444445 0.0421875 0.1388888888888889
