0 0.790625 0.9291666666666667 0.096875 0.14166666666666666
0 0.7765625 0.7527777777777778 0.0875 0.18888888888888888
0 0.746875 0.6013888888888889 0.065625 0.13055555555555556
0 0.925 0.5527777777777778 0.0703125 0.09722222222222222
0 0.7203125 0.475 0.0515625 0.13333333333333333
0 0.6359375 0.48333333333333334 0.0484375 0.1388888888888889
0 0.67890625 0.41944444444444445 0.0375 0.1111111111111111
0 0.703125 0.35 0.0375 0.08333333333333333
0 0.3578125 0.24722222222222223 0.03125 0.075
0 0.42578125 0.24166666666666667 0.03125 0.075
0 0.4515625 0.24027777777777778 0.028125 0.06944444444444445
0 0.4109375 0.2 0.0265625 0.058333333333333334
1 0.38125 0.35833333333333334 0.09375 0.16666666666666666
1 0.475 0.32083333333333336 0.075 0.14166666666666666
1 0.48671875 0.24861111111111112 0.05625 0.08611111111111111
2 0.2953125 0.65 0.34375 0.6472222222222223
0 0.63515625 0.3472222222222222 0.0375 0.09444444444444444
0 0.6046875 0.30694444444444446 0.0328125 0.08055555555555556
0 0.37265625 0.1736111111111111 0.0359375 0.08333333333333333
1 0.4640625 0.1625 0.05625 0.08611111111111111
0 0.90234375 0.8361111111111111 0.078125 0.20555555555555555
0 0.70234375 0.4111111111111111 0.0328125 0.09444444444444444
0 0.67265625 0.3125 0.0265625 0.08333333333333333
0 0.65625 0.275 0.021875 0.06666666666666667
0 0.6390625 0.35138888888888886 0.0328125 0.08611111111111111
0 0.64921875 0.2152777777777778 0.0234375 0.05555555555555555
0 0.63046875 0.2902777777777778 0.0234375 0.06666666666666667
