3 0.4296875 0.3 0.1109375 0.26944444444444443
0 0.6859375 0.33055555555555555 0.028125 0.1
0 0.7921875 0.5555555555555556 0.0484375 0.13055555555555556
0 0.65625 0.225 0.015625 0.058333333333333334
1 0.575 0.21666666666666667 0.0546875 0.07222222222222222
0 0.1609375 0.6361111111111111 0.0546875 0.15
0 0.228125 0.6388888888888888 0.0515625 0.14444444444444443
0 0.05 0.6416666666666667 0.0546875 0.125
0 0.221875 0.4166666666666667 0.0296875 0.08611111111111111
0 0.259375 0.4111111111111111 0.0296875 0.075
0 0.3546875 0.3055555555555556 0.01875 0.06666666666666667
0 0.078125 0.4111111111111111 0.065625 0.10277777777777777
2 0.715625 0.7694444444444445 0.2546875 0.4583333333333333
0 0.3375 0.2388888888888889 0.0171875 0.06111111111111111
0 0.359375 0.24444444444444444 0.0140625 0.044444444444444446
0 0.375 0.22777777777777777 0.0171875 0.06111111111111111
0 0.6375 0.20555555555555555 0.015625 0.058333333333333334
0 0.61875 0.19722222222222222 0.0140625 0.058333333333333334
