1 0.55234375 0.5583333333333333 0.0984375 0.18055555555555555
1 0.584375 0.8263888888888888 0.1875 0.3472222222222222
1 0.8203125 0.8944444444444445 0.278125 0.2111111111111111
1 0.53984375 0.23472222222222222 0.0609375 0.06666666666666667
1 0.52890625 0.33055555555555555 0.059375 0.10277777777777777
1 0.66953125 0.26805555555555555 0.0453125 0.05
1 0.5671875 0.2847222222222222 0.0453125 0.06388888888888888
2 0.640625 0.35555555555555557 0.1046875 0.19166666666666668
3 0.66953125 0.49166666666666664 0.090625 0.2
0 0.20546875 0.23333333333333334 0.034375 0.08888888888888889
0 0.73984375 0.4222222222222222 0.025 0.075
