0 0.67734375 0.5583333333333333 0.040625 0.11388888888888889
0 0.74296875 0.5222222222222223 0.040625 0.09722222222222222
0 0.728125 0.6291666666666667 0.05 0.1111111111111111
0 0.6796875 0.3875 0.0375 0.08888888888888889
0 0.6296875 0.3458333333333333 0.0296875 0.07222222222222222
0 0.4953125 0.2569444444444444 0.059375 0.10277777777777777
0 0.44765625 0.25416666666666665 0.034375 0.08611111111111111
3 0.50234375 0.1625 0.0671875 0.13333333333333333
0 0.81796875 0.7263888888888889 0.0671875 0.17222222222222222
0 0.86328125 0.6986111111111111 0.0578125 0.14166666666666666
0 0.6546875 0.31666666666666665 0.028125 0.075
0 0.68984375 0.31805555555555554 0.025 0.06388888888888888
0 0.45859375 0.21805555555555556 0.025 0.05277777777777778
0 0.6109375 0.2972222222222222 0.0234375 0.06111111111111111
0 0.63984375 0.28194444444444444 0.021875 0.06666666666666667
