0 0.4140625 0.31666666666666665 0.03125 0.08611111111111111
0 0.4640625 0.2638888888888889 0.046875 0.08333333333333333
0 0.328125 0.37777777777777777 0.0265625 0.06666666666666667
0 0.33515625 0.49166666666666664 0.04375 0.10277777777777777
0 0.22109375 0.7333333333333333 0.0703125 0.14166666666666666
0 0.153125 0.6444444444444445 0.06875 0.14166666666666666
0 0.36796875 0.35555555555555557 0.05625 0.11388888888888889
0 0.35625 0.30972222222222223 0.025 0.06111111111111111
0 0.353125 0.26805555555555555 0.0234375 0.058333333333333334
0 0.58515625 0.18333333333333332 0.025 0.06666666666666667
