1 0.334375 0.5194444444444445 0.0984375 0.1638888888888889
1 0.46328125 0.4222222222222222 0.065625 0.11944444444444445
1 0.31953125 0.28055555555555556 0.0328125 0.04722222222222222
1 0.42265625 0.2638888888888889 0.040625 0.06111111111111111
1 0.359375 0.2569444444444444 0.04375 0.05277777777777778
2 0.153125 0.8305555555555556 0.278125 0.3388888888888889
2 0.37578125 0.37083333333333335 0.075 0.1388888888888889
3 0.47578125 0.20277777777777778 0.0921875 0.09166666666666666
3 0.46484375 0.2902777777777778 0.0625 0.1388888888888889
1 0.7515625 0.29305555555555557 0.0640625 0.10833333333333334
