1 0.5671875 0.28055555555555556 0.0515625 0.09166666666666666
1 0.7578125 0.8458333333333333 0.184375 0.24444444444444444
0 0.5890625 0.4666666666666667 0.04375 0.12222222222222222
0 0.62890625 0.3972222222222222 0.0296875 0.08888888888888889
0 0.77890625 0.48194444444444445 0.0484375 0.13055555555555556
0 0.62578125 0.2638888888888889 0.0234375 0.07222222222222222
0 0.321875 0.4097222222222222 0.0359375 0.1
0 0.2640625 0.4097222222222222 0.025 0.08888888888888889
0 0.2171875 0.5472222222222223 0.03125 0.10833333333333334
0 0.33203125 0.3194444444444444 0.0234375 0.06944444444444445
0 0.33828125 0.2569444444444444 0.021875 0.05555555555555555
0 0.371875 0.24444444444444444 0.01875 0.058333333333333334
0 0.2671875 0.6611111111111111 0.05625 0.18055555555555555
0 0.196875 0.7388888888888889 0.0640625 0.18333333333333332
