0 0.2046875 0.6555555555555556 0.059375 0.14166666666666666
0 0.115625 0.7430555555555556 0.0609375 0.16111111111111112
0 0.74765625 0.55 0.0765625 0.15
0 0.7890625 0.45416666666666666 0.0515625 0.12777777777777777
0 0.86171875 0.4486111111111111 0.053125 0.1527777777777778
0 0.73359375 0.3680555555555556 0.04375 0.11388888888888889
0 0.68203125 0.23055555555555557 0.0359375 0.08888888888888889
0 0.65859375 0.2361111111111111 0.028125 0.09722222222222222
0 0.63046875 0.24027777777777778 0.025 0.06111111111111111
0 0.58671875 0.24583333333333332 0.03125 0.075
1 0.5375 0.2777777777777778 0.0859375 0.14166666666666666
0 0.07890625 0.5513888888888889 0.0734375 0.09722222222222222
0 0.19609375 0.3958333333333333 0.05 0.07222222222222222
0 0.6046875 0.23472222222222222 0.0234375 0.07777777777777778
0 0.58046875 0.15833333333333333 0.0203125 0.05555555555555555
