1 0.4765625 0.22361111111111112 0.0578125 0.05555555555555555
1 0.5640625 0.23194444444444445 0.05 0.05555555555555555
1 0.4125 0.30277777777777776 0.05 0.09444444444444444
1 0.3140625 0.2013888888888889 0.040625 0.05277777777777778
1 0.42109375 0.24444444444444444 0.034375 0.05
1 0.2828125 0.2111111111111111 0.04375 0.05555555555555555
2 0.3265625 0.48194444444444445 0.1296875 0.22777777777777777
2 0.46484375 0.36527777777777776 0.0671875 0.1388888888888889
2 0.3875 0.25277777777777777 0.0359375 0.08611111111111111
1 0.47109375 0.2791666666666667 0.0453125 0.06111111111111111
0 0.8265625 0.3125 0.0234375 0.06388888888888888
