0 0.071875 0.5027777777777778 0.0390625 0.125
0 0.9390625 0.6416666666666667 0.0546875 0.14444444444444443
1 0.55546875 0.5486111111111112 0.1078125 0.19444444444444445
1 0.59921875 0.24166666666666667 0.040625 0.04722222222222222
1 0.45 0.22083333333333333 0.059375 0.05555555555555555
1 0.5265625 0.35694444444444445 0.0546875 0.10833333333333334
1 0.52890625 0.3013888888888889 0.0421875 0.05277777777777778
1 0.64453125 0.27361111111111114 0.0421875 0.04722222222222222
2 0.67265625 0.41388888888888886 0.121875 0.25833333333333336
1 0.54296875 0.25972222222222224 0.046875 0.06388888888888888
2 0.68515625 0.23055555555555557 0.06875 0.07777777777777778
