1 0.56796875 0.24861111111111112 0.0609375 0.07222222222222222
1 0.4828125 0.2111111111111111 0.053125 0.06388888888888888
1 0.61640625 0.35694444444444445 0.0515625 0.09444444444444444
1 0.7265625 0.3111111111111111 0.04375 0.06111111111111111
1 0.61796875 0.2972222222222222 0.0390625 0.06111111111111111
1 0.75546875 0.3375 0.046875 0.06666666666666667
2 0.66875 0.5722222222222222 0.1484375 0.2611111111111111
2 0.55625 0.3888888888888889 0.078125 0.1527777777777778
2 0.6484375 0.32083333333333336 0.0484375 0.10277777777777777
1 0.5640625 0.30416666666666664 0.05 0.06944444444444445
0 0.21796875 0.15 0.028125 0.06666666666666667
