1 0.3359375 0.46944444444444444 0.0921875 0.14722222222222223
1 0.34453125 0.8333333333333334 0.2140625 0.3333333333333333
0 0.2 0.8041666666666667 0.0765625 0.20555555555555555
0 0.63984375 0.3472222222222222 0.0578125 0.1527777777777778
1 0.546875 0.3388888888888889 0.0734375 0.13055555555555556
0 0.8984375 0.22083333333333333 0.071875 0.10555555555555556
0 0.7453125 0.3333333333333333 0.0546875 0.13333333333333333
1 0.50390625 0.24027777777777778 0.0453125 0.08611111111111111
0 0.43515625 0.3486111111111111 0.0265625 0.07222222222222222
0 0.375 0.34305555555555556 0.025 0.06944444444444445
0 0.32734375 0.3611111111111111 0.0296875 0.075
