3 0.26171875 0.29583333333333334 0.0640625 0.1
1 0.453125 0.4625 0.090625 0.13333333333333333
1 0.4390625 0.7222222222222222 0.1578125 0.25
1 0.3734375 0.475 0.075 0.12222222222222222
1 0.45 0.37222222222222223 0.0640625 0.10277777777777777
1 0.4375 0.31527777777777777 0.0484375 0.07777777777777778
1 0.30546875 0.3236111111111111 0.0625 0.07777777777777778
0 0.26875 0.42083333333333334 0.0171875 0.05277777777777778
2 0.23984375 0.7319444444444444 0.3171875 0.5361111111111111
2 0.36953125 0.3597222222222222 0.0796875 0.15555555555555556
