0 0.68046875 0.3736111111111111 0.05 0.12777777777777777
1 0.54296875 0.20555555555555555 0.0546875 0.08055555555555556
0 0.39453125 0.35833333333333334 0.040625 0.08333333333333333
0 0.359375 0.3763888888888889 0.034375 0.10277777777777777
0 0.33984375 0.35 0.025 0.07222222222222222
0 0.2953125 0.8694444444444445 0.0765625 0.22777777777777777
0 0.20078125 0.9041666666666667 0.0859375 0.19166666666666668
0 0.178125 0.5388888888888889 0.053125 0.09444444444444444
0 0.2859375 0.5472222222222223 0.05625 0.11944444444444445
0 0.259375 0.5027777777777778 0.046875 0.12777777777777777
0 0.30625 0.3625 0.0359375 0.08888888888888889
0 0.07421875 0.4888888888888889 0.0765625 0.09444444444444444
0 0.1890625 0.7444444444444445 0.0671875 0.1111111111111111
0 0.17734375 0.6375 0.0453125 0.08888888888888889
0 0.4046875 0.44027777777777777 0.0421875 0.10277777777777777
1 0.44375 0.30277777777777776 0.053125 0.1
0 0.396875 0.28194444444444444 0.0328125 0.06666666666666667
0 0.36796875 0.2263888888888889 0.0296875 0.075
0 0.49921875 0.25972222222222224 0.0234375 0.07222222222222222
0 0.2515625 0.4111111111111111 0.03125 0.08055555555555556
