0 0.4125 0.2875 0.025 0.06944444444444445
1 0.590625 0.3972222222222222 0.0828125 0.16111111111111112
0 0.6671875 0.4486111111111111 0.0375 0.1
0 0.72265625 0.5111111111111111 0.0421875 0.10833333333333334
0 0.74609375 0.46944444444444444 0.046875 0.11666666666666667
0 0.93359375 0.5583333333333333 0.05625 0.06388888888888888
0 0.64375 0.35694444444444445 0.025 0.07222222222222222
0 0.6765625 0.35 0.0375 0.09166666666666666
0 0.76640625 0.7180555555555556 0.0734375 0.16944444444444445
0 0.8859375 0.9055555555555556 0.1 0.18888888888888888
0 0.65859375 0.2777777777777778 0.0203125 0.05277777777777778
