0 0.5765625 0.5222222222222223 0.0390625 0.14722222222222223
0 0.8921875 0.6722222222222223 0.05625 0.15555555555555556
0 0.2828125 0.5166666666666667 0.0375 0.13055555555555556
0 0.2203125 0.48333333333333334 0.028125 0.075
0 0.325 0.36666666666666664 0.034375 0.09166666666666666
0 0.378125 0.3611111111111111 0.0265625 0.09444444444444444
0 0.41875 0.33055555555555555 0.03125 0.1
1 0.396875 0.5416666666666666 0.071875 0.21944444444444444
0 0.075 0.4 0.0703125 0.06111111111111111
0 0.3640625 0.28888888888888886 0.0171875 0.08055555555555556
