1 0.67578125 0.7541666666666667 0.2109375 0.4305555555555556
1 0.39921875 0.8236111111111111 0.1984375 0.3527777777777778
1 0.24609375 0.6333333333333333 0.1625 0.26666666666666666
1 0.4203125 0.55 0.1109375 0.2111111111111111
1 0.421875 0.5472222222222223 0.1046875 0.2
3 0.421875 0.36527777777777776 0.0875 0.19722222222222222
1 0.325 0.41944444444444445 0.0890625 0.175
0 0.24453125 0.4375 0.0390625 0.125
0 0.90703125 0.29583333333333334 0.0828125 0.12222222222222222
0 0.7734375 0.20972222222222223 0.05 0.05555555555555555
0 0.7 0.2777777777777778 0.0390625 0.08055555555555556
0 0.6171875 0.21944444444444444 0.0265625 0.06666666666666667
0 0.35546875 0.2652777777777778 0.01875 0.06666666666666667
0 0.33046875 0.31666666666666665 0.0296875 0.06666666666666667
0 0.29765625 0.3375 0.01875 0.05277777777777778
0 0.12265625 0.7222222222222222 0.053125 0.1527777777777778
0 0.5578125 0.225 0.0234375 0.06388888888888888
0 0.61796875 0.17083333333333334 0.0171875 0.04722222222222222
