0 0.71875 0.45555555555555555 0.040625 0.12222222222222222
0 0.8234375 0.5722222222222222 0.053125 0.1638888888888889
1 0.5515625 0.24444444444444444 0.040625 0.08055555555555556
1 0.215625 0.6861111111111111 0.159375 0.25555555555555554
1 0.396875 0.5944444444444444 0.121875 0.2861111111111111
1 0.3703125 0.39166666666666666 0.0640625 0.10833333333333334
0 0.075 0.3888888888888889 0.05625 0.06666666666666667
0 0.10625 0.6277777777777778 0.0546875 0.14722222222222223
0 0.2015625 0.5055555555555555 0.034375 0.11388888888888889
0 0.2734375 0.46111111111111114 0.034375 0.10277777777777777
0 0.2375 0.37222222222222223 0.0234375 0.06666666666666667
0 0.2890625 0.34444444444444444 0.0203125 0.08055555555555556
0 0.309375 0.3638888888888889 0.025 0.08888888888888889
0 0.3453125 0.31666666666666665 0.0203125 0.075
0 0.371875 0.3055555555555556 0.021875 0.06111111111111111
0 0.303125 0.2972222222222222 0.0171875 0.044444444444444446
0 0.2015625 0.43333333333333335 0.028125 0.07222222222222222
0 0.3203125 0.2777777777777778 0.01875 0.05555555555555555
