1 0.5703125 0.475 0.0796875 0.1527777777777778
1 0.66953125 0.8555555555555555 0.1640625 0.2611111111111111
1 0.5515625 0.31527777777777777 0.0640625 0.10277777777777777
1 0.59609375 0.23333333333333334 0.04375 0.07777777777777778
0 0.07578125 0.7194444444444444 0.065625 0.15
0 0.07265625 0.4 0.05625 0.06666666666666667
0 0.21015625 0.2972222222222222 0.0515625 0.05
0 0.32890625 0.29444444444444445 0.01875 0.075
0 0.35390625 0.2847222222222222 0.01875 0.08055555555555556
0 0.37421875 0.2902777777777778 0.0203125 0.06111111111111111
0 0.40703125 0.275 0.021875 0.06944444444444445
0 0.44921875 0.2902777777777778 0.0296875 0.06388888888888888
0 0.66484375 0.41388888888888886 0.0296875 0.10555555555555556
0 0.6734375 0.3111111111111111 0.025 0.075
0 0.75390625 0.5583333333333333 0.046875 0.125
0 0.94609375 0.7638888888888888 0.05 0.12222222222222222
0 0.609375 0.3138888888888889 0.0265625 0.08611111111111111
0 0.67265625 0.2388888888888889 0.0203125 0.06111111111111111
0 0.3921875 0.3638888888888889 0.0203125 0.07222222222222222
3 0.53203125 0.22083333333333333 0.053125 0.10833333333333334
