0 0.6 0.5069444444444444 0.028125 0.11944444444444445
0 0.31953125 0.38055555555555554 0.05 0.12777777777777777
0 0.28046875 0.31666666666666665 0.0375 0.11388888888888889
0 0.08515625 0.34305555555555556 0.0625 0.08333333333333333
0 0.3796875 0.2902777777777778 0.0265625 0.09444444444444444
0 0.34140625 0.2791666666666667 0.034375 0.08611111111111111
0 0.0734375 0.8236111111111111 0.1328125 0.2611111111111111
0 0.38828125 0.225 0.0234375 0.06388888888888888
0 0.59921875 0.21388888888888888 0.0234375 0.06666666666666667
0 0.659375 0.28055555555555556 0.028125 0.07777777777777778
0 0.640625 0.23055555555555557 0.0171875 0.05
