0 0.36484375 0.6138888888888889 0.0453125 0.1361111111111111
0 0.27578125 0.5791666666666667 0.04375 0.13333333333333333
0 0.2390625 0.46111111111111114 0.0421875 0.10277777777777777
0 0.21953125 0.5444444444444444 0.0484375 0.1111111111111111
0 0.11015625 0.7638888888888888 0.0765625 0.21944444444444444
0 0.3203125 0.4305555555555556 0.0328125 0.10277777777777777
0 0.30546875 0.375 0.03125 0.09166666666666666
0 0.3625 0.3055555555555556 0.03125 0.075
3 0.5671875 0.3763888888888889 0.1265625 0.2722222222222222
0 0.06953125 0.4875 0.0640625 0.07777777777777778
0 0.33515625 0.25833333333333336 0.021875 0.06111111111111111
