1 0.39375 0.45555555555555555 0.0828125 0.13333333333333333
0 0.1328125 0.6111111111111112 0.0546875 0.19722222222222222
0 0.3703125 0.24444444444444444 0.0203125 0.07222222222222222
0 0.328125 0.2833333333333333 0.021875 0.09444444444444444
0 0.465625 0.25277777777777777 0.0234375 0.08611111111111111
0 0.91875 0.41388888888888886 0.06875 0.08333333333333333
0 0.6671875 0.325 0.0265625 0.1
0 0.7265625 0.32222222222222224 0.0390625 0.1
0 0.5671875 0.2361111111111111 0.0203125 0.058333333333333334
0 0.3359375 0.2222222222222222 0.0171875 0.05555555555555555
0 0.5484375 0.23055555555555557 0.0140625 0.05
