1 0.55625 0.4166666666666667 0.0640625 0.1388888888888889
0 0.7875 0.5333333333333333 0.0515625 0.16666666666666666
0 0.796875 0.7166666666666667 0.0703125 0.15833333333333333
0 0.20625 0.5722222222222222 0.0484375 0.11666666666666667
0 0.0796875 0.39444444444444443 0.06875 0.08611111111111111
0 0.165625 0.4861111111111111 0.03125 0.09444444444444444
0 0.246875 0.4361111111111111 0.0453125 0.1111111111111111
0 0.328125 0.33055555555555555 0.0265625 0.08333333333333333
0 0.3953125 0.25 0.0265625 0.06111111111111111
0 0.425 0.24444444444444444 0.01875 0.06111111111111111
1 0.571875 0.20555555555555555 0.040625 0.06388888888888888
1 0.459375 0.25 0.0421875 0.08055555555555556
