1 0.6390625 0.5888888888888889 0.10625 0.2111111111111111
0 0.5546875 0.3638888888888889 0.028125 0.06944444444444445
0 0.328125 0.40555555555555556 0.0375 0.11666666666666667
0 0.2625 0.5611111111111111 0.0515625 0.19722222222222222
0 0.0765625 0.39444444444444443 0.0734375 0.06666666666666667
0 0.3234375 0.3055555555555556 0.0265625 0.08611111111111111
0 0.3453125 0.29444444444444445 0.021875 0.09722222222222222
0 0.359375 0.3 0.028125 0.06944444444444445
1 0.459375 0.25 0.0453125 0.07777777777777778
0 0.378125 0.25555555555555554 0.01875 0.06666666666666667
0 0.39375 0.2361111111111111 0.015625 0.06111111111111111
0 0.4234375 0.2222222222222222 0.01875 0.06388888888888888
0 0.35 0.2222222222222222 0.0171875 0.05277777777777778
