1 0.690625 0.575 0.1265625 0.19722222222222222
1 0.525 0.22777777777777777 0.0578125 0.058333333333333334
1 0.528125 0.4027777777777778 0.0671875 0.12222222222222222
1 0.621875 0.26944444444444443 0.0515625 0.06111111111111111
1 0.596875 0.3 0.0390625 0.05
1 0.5203125 0.32222222222222224 0.046875 0.06944444444444445
1 0.596875 0.25555555555555554 0.0453125 0.05277777777777778
1 0.6890625 0.25277777777777777 0.0421875 0.04722222222222222
2 0.6328125 0.3972222222222222 0.0921875 0.15555555555555556
1 0.259375 0.3333333333333333 0.0609375 0.07777777777777778
