1 0.5671875 0.5638888888888889 0.0890625 0.15833333333333333
1 0.528125 0.3611111111111111 0.05625 0.1
1 0.5984375 0.32222222222222224 0.0453125 0.06388888888888888
1 0.61875 0.38333333333333336 0.0578125 0.08888888888888889
1 0.615625 0.2833333333333333 0.0375 0.05555555555555555
1 0.5546875 0.26666666666666666 0.04375 0.05277777777777778
1 0.528125 0.3 0.0390625 0.05
1 0.690625 0.2388888888888889 0.03125 0.041666666666666664
2 0.6828125 0.5166666666666667 0.1375 0.19722222222222222
2 0.7453125 0.7833333333333333 0.3484375 0.425
3 0.6359375 0.20277777777777778 0.1109375 0.09444444444444444
1 0.2203125 0.2972222222222222 0.053125 0.08611111111111111
