0 0.190625 0.21388888888888888 0.0328125 0.07222222222222222
1 0.103125 0.6125 0.1640625 0.2833333333333333
1 0.68515625 0.28055555555555556 0.0421875 0.05277777777777778
1 0.65234375 0.2986111111111111 0.0375 0.06111111111111111
1 0.6515625 0.26944444444444443 0.04375 0.05555555555555555
1 0.6171875 0.33194444444444443 0.0515625 0.08055555555555556
2 0.76015625 0.7152777777777778 0.4203125 0.5694444444444444
2 0.56171875 0.4486111111111111 0.1453125 0.3472222222222222
3 0.56171875 0.4486111111111111 0.1453125 0.3472222222222222
0 0.22890625 0.23055555555555557 0.03125 0.08333333333333333
0 0.7578125 0.44166666666666665 0.03125 0.08611111111111111
