1 0.540625 0.2638888888888889 0.0390625 0.07777777777777778
1 0.3734375 0.6 0.125 0.2638888888888889
1 0.434375 0.3527777777777778 0.0703125 0.12777777777777777
0 0.23125 0.5222222222222223 0.0359375 0.125
0 0.1875 0.4777777777777778 0.0453125 0.12222222222222222
0 0.2796875 0.4444444444444444 0.0359375 0.11666666666666667
0 0.2640625 0.38055555555555554 0.0203125 0.075
0 0.3390625 0.4361111111111111 0.0390625 0.10555555555555556
0 0.1296875 0.6111111111111112 0.065625 0.16944444444444445
0 0.175 0.7416666666666667 0.075 0.18611111111111112
0 0.0765625 0.39444444444444443 0.0484375 0.075
0 0.309375 0.2916666666666667 0.0234375 0.07222222222222222
0 0.328125 0.31666666666666665 0.021875 0.08055555555555556
0 0.359375 0.30277777777777776 0.01875 0.08333333333333333
0 0.3828125 0.28055555555555556 0.01875 0.06944444444444445
0 0.409375 0.2611111111111111 0.0328125 0.05555555555555555
0 0.025 0.6777777777777778 0.05 0.2111111111111111
0 0.8921875 0.6777777777777778 0.05625 0.16944444444444445
1 0.4609375 0.2222222222222222 0.0375 0.07222222222222222
0 0.3625 0.2361111111111111 0.0140625 0.05
