2 0.32265625 0.5083333333333333 0.1421875 0.25277777777777777
0 0.1546875 0.6347222222222222 0.05625 0.15
0 0.11171875 0.8986111111111111 0.0734375 0.20277777777777778
1 0.37734375 0.29444444444444445 0.0484375 0.075
0 0.31484375 0.36666666666666664 0.0296875 0.075
1 0.56171875 0.3638888888888889 0.0828125 0.15555555555555556
0 0.72109375 0.44027777777777777 0.0375 0.125
0 0.6890625 0.3638888888888889 0.0421875 0.1111111111111111
0 0.7203125 0.3125 0.025 0.08611111111111111
0 0.8609375 0.5694444444444444 0.075 0.15833333333333333
0 0.778125 0.4638888888888889 0.0640625 0.14722222222222223
0 0.90703125 0.30694444444444446 0.065625 0.10555555555555556
0 0.6265625 0.28194444444444444 0.021875 0.07777777777777778
0 0.65 0.25416666666666665 0.0296875 0.07222222222222222
0 0.60390625 0.225 0.0265625 0.06944444444444445
0 0.50234375 0.2611111111111111 0.0484375 0.07222222222222222
0 0.88125 0.7583333333333333 0.0859375 0.25277777777777777
0 0.68515625 0.2611111111111111 0.0234375 0.09166666666666666
0 0.634375 0.2125 0.0171875 0.05277777777777778
0 0.5875 0.24305555555555555 0.01875 0.06388888888888888
0 0.26484375 0.4444444444444444 0.0296875 0.08055555555555556
