0 0.80546875 0.5013888888888889 0.0984375 0.20555555555555555
0 0.68828125 0.3333333333333333 0.059375 0.1388888888888889
0 0.63359375 0.35138888888888886 0.0453125 0.13333333333333333
0 0.90703125 0.2625 0.0953125 0.12777777777777777
0 0.76875 0.17777777777777778 0.046875 0.058333333333333334
0 0.6109375 0.2638888888888889 0.0453125 0.1
0 0.453125 0.275 0.040625 0.08055555555555556
0 0.825 0.7666666666666667 0.0984375 0.2611111111111111
0 0.6015625 0.19305555555555556 0.0203125 0.06666666666666667
0 0.6171875 0.17083333333333334 0.0171875 0.05277777777777778
0 0.24453125 0.6111111111111112 0.053125 0.14166666666666666
