1 0.51015625 0.2222222222222222 0.059375 0.06388888888888888
1 0.4234375 0.24305555555555555 0.0515625 0.06388888888888888
1 0.578125 0.2902777777777778 0.0546875 0.1
1 0.6703125 0.1736111111111111 0.0421875 0.058333333333333334
1 0.56640625 0.23333333333333334 0.0359375 0.05555555555555555
1 0.70234375 0.17916666666666667 0.0453125 0.06111111111111111
2 0.671875 0.45416666666666666 0.1390625 0.24444444444444444
2 0.52890625 0.3597222222222222 0.0734375 0.14722222222222223
2 0.6 0.2361111111111111 0.0390625 0.09166666666666666
1 0.51796875 0.275 0.0484375 0.06666666666666667
0 0.16484375 0.3638888888888889 0.025 0.06666666666666667
