0 0.86875 0.7638888888888888 0.1 0.25555555555555554
0 0.87109375 0.5263888888888889 0.0578125 0.14444444444444443
0 0.79921875 0.5875 0.06875 0.16944444444444445
0 0.64453125 0.31527777777777777 0.028125 0.08333333333333333
0 0.91875 0.3347222222222222 0.05625 0.11388888888888889
0 0.78203125 0.2388888888888889 0.04375 0.06388888888888888
0 0.36875 0.25277777777777777 0.021875 0.06944444444444445
0 0.39140625 0.2125 0.0296875 0.06388888888888888
0 0.28359375 0.3416666666666667 0.040625 0.10277777777777777
0 0.375 0.31527777777777777 0.0234375 0.06666666666666667
