0 0.1640625 0.32222222222222224 0.01875 0.07222222222222222
1 0.8484375 0.8805555555555555 0.228125 0.2361111111111111
1 0.5640625 0.6111111111111112 0.1 0.18611111111111112
1 0.6734375 0.5472222222222223 0.0984375 0.14722222222222223
1 0.665625 0.9 0.1890625 0.2
1 0.5265625 0.4111111111111111 0.05625 0.10555555555555556
1 0.525 0.2972222222222222 0.0484375 0.07777777777777778
1 0.603125 0.3472222222222222 0.053125 0.08611111111111111
1 0.59375 0.2833333333333333 0.0359375 0.05555555555555555
3 0.5078125 0.2 0.1125 0.07777777777777778
