1 0.61875 0.5041666666666667 0.0953125 0.16944444444444445
0 0.7328125 0.37083333333333335 0.03125 0.08611111111111111
1 0.74609375 0.8916666666666667 0.1765625 0.21666666666666667
1 0.40234375 0.575 0.115625 0.23055555555555557
0 0.08359375 0.3819444444444444 0.06875 0.07777777777777778
0 0.20859375 0.2791666666666667 0.0515625 0.041666666666666664
1 0.44140625 0.2986111111111111 0.05 0.09722222222222222
1 0.38359375 0.2652777777777778 0.0515625 0.08333333333333333
0 0.51796875 0.26944444444444443 0.0390625 0.06388888888888888
0 0.81640625 0.39305555555555555 0.0625 0.11666666666666667
0 0.14140625 0.6111111111111112 0.05 0.175
0 0.33515625 0.24722222222222223 0.01875 0.075
0 0.66171875 0.25277777777777777 0.01875 0.06666666666666667
