1 0.7265625 0.5277777777777778 0.1515625 0.22777777777777777
0 0.6859375 0.26944444444444443 0.021875 0.06944444444444445
0 0.54375 0.26944444444444443 0.01875 0.08333333333333333
0 0.3875 0.3611111111111111 0.03125 0.1111111111111111
0 0.309375 0.42777777777777776 0.028125 0.12777777777777777
0 0.290625 0.3638888888888889 0.0265625 0.09166666666666666
0 0.35 0.2861111111111111 0.021875 0.08888888888888889
0 0.1953125 0.45555555555555555 0.034375 0.12222222222222222
0 0.1234375 0.8 0.0828125 0.24444444444444444
0 0.0828125 0.4 0.071875 0.06666666666666667
0 0.4234375 0.24444444444444444 0.0171875 0.06388888888888888
0 0.365625 0.2222222222222222 0.021875 0.06111111111111111
