1 0.66953125 0.5541666666666667 0.1265625 0.20833333333333334
0 0.853125 0.5666666666666667 0.0359375 0.11944444444444445
0 0.7765625 0.5875 0.040625 0.09166666666666666
0 0.91328125 0.7097222222222223 0.0734375 0.17222222222222222
0 0.78125 0.48194444444444445 0.0359375 0.08888888888888889
0 0.75546875 0.4111111111111111 0.034375 0.08611111111111111
0 0.71953125 0.4444444444444444 0.03125 0.08055555555555556
0 0.67734375 0.42777777777777776 0.0375 0.10833333333333334
0 0.66640625 0.3638888888888889 0.0328125 0.08333333333333333
0 0.7171875 0.3277777777777778 0.0265625 0.075
0 0.64140625 0.30416666666666664 0.0203125 0.06388888888888888
0 0.35 0.3013888888888889 0.0296875 0.07222222222222222
0 0.309375 0.35833333333333334 0.040625 0.09444444444444444
0 0.1359375 0.6361111111111111 0.0671875 0.15
2 0.56015625 0.23055555555555557 0.071875 0.15
1 0.66328125 0.8875 0.1984375 0.225
0 0.671875 0.2902777777777778 0.0203125 0.05277777777777778
0 0.659375 0.2569444444444444 0.0171875 0.058333333333333334
