0 0.24921875 0.5694444444444444 0.040625 0.13333333333333333
0 0.75 0.38055555555555554 0.0328125 0.08888888888888889
1 0.5765625 0.5916666666666667 0.1203125 0.22777777777777777
1 0.69375 0.8597222222222223 0.1828125 0.24444444444444444
1 0.7671875 0.6430555555555556 0.1625 0.25
1 0.5296875 0.4 0.065625 0.125
1 0.634375 0.4236111111111111 0.090625 0.14166666666666666
2 0.62421875 0.21805555555555556 0.0828125 0.10555555555555556
2 0.52890625 0.2611111111111111 0.084375 0.13055555555555556
3 0.6109375 0.30694444444444446 0.0796875 0.14166666666666666
