3 0.621875 0.4527777777777778 0.10625 0.2722222222222222
0 0.6828125 0.3611111111111111 0.034375 0.09722222222222222
1 0.5953125 0.2611111111111111 0.046875 0.07777777777777778
1 0.540625 0.24444444444444444 0.0625 0.08055555555555556
1 0.3890625 0.5472222222222223 0.1015625 0.23055555555555557
0 0.3015625 0.525 0.059375 0.14722222222222223
0 0.24375 0.5138888888888888 0.0375 0.13055555555555556
0 0.203125 0.4444444444444444 0.0421875 0.08888888888888889
0 0.128125 0.5416666666666666 0.046875 0.15555555555555556
0 0.1640625 0.7694444444444445 0.0640625 0.18611111111111112
0 0.05625 0.6277777777777778 0.065625 0.1638888888888889
0 0.184375 0.5916666666666667 0.0375 0.12777777777777777
0 0.38125 0.3194444444444444 0.0265625 0.07777777777777778
0 0.359375 0.2861111111111111 0.025 0.06944444444444445
0 0.0796875 0.40555555555555556 0.078125 0.09166666666666666
1 0.4390625 0.2361111111111111 0.0390625 0.08333333333333333
0 0.3734375 0.20555555555555555 0.015625 0.05277777777777778
0 0.359375 0.24166666666666667 0.0171875 0.05555555555555555
0 0.4 0.21388888888888888 0.0125 0.05277777777777778
