1 0.553125 0.35833333333333334 0.0765625 0.16666666666666666
1 0.6765625 0.37777777777777777 0.0734375 0.14444444444444443
0 0.296875 0.4166666666666667 0.05 0.09166666666666666
0 0.3890625 0.3861111111111111 0.03125 0.10833333333333334
0 0.4359375 0.37222222222222223 0.0328125 0.1111111111111111
0 0.08125 0.40555555555555556 0.0671875 0.1
0 0.6421875 0.2638888888888889 0.0203125 0.06666666666666667
0 0.36875 0.28888888888888886 0.0234375 0.08611111111111111
0 0.396875 0.25833333333333336 0.0234375 0.075
0 0.1375 0.35 0.0546875 0.06666666666666667
0 0.671875 0.25555555555555554 0.0203125 0.058333333333333334
