0 0.86953125 0.37083333333333335 0.028125 0.09722222222222222
0 0.63515625 0.45 0.028125 0.10833333333333334
1 0.45546875 0.48055555555555557 0.0796875 0.14722222222222223
1 0.3328125 0.49583333333333335 0.0953125 0.1527777777777778
1 0.47265625 0.38472222222222224 0.0578125 0.08055555555555556
1 0.43203125 0.23194444444444445 0.0546875 0.05277777777777778
1 0.184375 0.8305555555555556 0.240625 0.3194444444444444
1 0.4453125 0.2722222222222222 0.053125 0.07222222222222222
2 0.3734375 0.275 0.0703125 0.10555555555555556
3 0.36796875 0.36944444444444446 0.0671875 0.12777777777777777
3 0.3375 0.8513888888888889 0.29375 0.2972222222222222
