0 0.28984375 0.3347222222222222 0.046875 0.13333333333333333
0 0.21953125 0.3486111111111111 0.034375 0.12222222222222222
1 0.6125 0.6930555555555555 0.1765625 0.36666666666666664
0 0.76484375 0.5972222222222222 0.0578125 0.16111111111111112
0 0.6734375 0.5083333333333333 0.053125 0.14444444444444443
0 0.69921875 0.425 0.0421875 0.10277777777777777
0 0.92421875 0.5583333333333333 0.0640625 0.09444444444444444
0 0.80703125 0.4027777777777778 0.059375 0.08888888888888889
0 0.75078125 0.4361111111111111 0.0453125 0.1
3 0.59765625 0.25833333333333336 0.096875 0.225
0 0.68125 0.29583333333333334 0.025 0.06944444444444445
0 0.65703125 0.2833333333333333 0.025 0.06666666666666667
0 0.51328125 0.21805555555555556 0.021875 0.06111111111111111
