1 0.34375 0.4097222222222222 0.078125 0.12222222222222222
1 0.30546875 0.8013888888888889 0.184375 0.3527777777777778
0 0.1703125 0.6875 0.0484375 0.18611111111111112
0 0.6546875 0.4013888888888889 0.0375 0.1361111111111111
1 0.56484375 0.3597222222222222 0.0578125 0.10277777777777777
0 0.92265625 0.3736111111111111 0.0609375 0.07222222222222222
0 0.759375 0.42777777777777776 0.046875 0.125
1 0.534375 0.24722222222222223 0.0375 0.075
0 0.4546875 0.3277777777777778 0.0234375 0.06944444444444445
0 0.39609375 0.3013888888888889 0.01875 0.06388888888888888
0 0.34765625 0.3013888888888889 0.0203125 0.06388888888888888
