1 0.68359375 0.6 0.1359375 0.22777777777777777
1 0.62265625 0.4027777777777778 0.0796875 0.13055555555555556
1 0.2453125 0.39305555555555555 0.059375 0.10277777777777777
1 0.0875 0.9430555555555555 0.1125 0.11388888888888889
2 0.59375 0.3055555555555556 0.0625 0.11388888888888889
2 0.65546875 0.21666666666666667 0.04375 0.06111111111111111
2 0.62578125 0.22361111111111112 0.0546875 0.08333333333333333
2 0.509375 0.3638888888888889 0.084375 0.175
3 0.509375 0.3638888888888889 0.0890625 0.18333333333333332
3 0.653125 0.16111111111111112 0.0890625 0.09444444444444444
