0 0.0765625 0.40555555555555556 0.0578125 0.10555555555555556
0 0.3078125 0.3611111111111111 0.03125 0.1
0 0.2609375 0.4444444444444444 0.0390625 0.13055555555555556
0 0.2125 0.5333333333333333 0.0546875 0.11666666666666667
0 0.55625 0.525 0.0375 0.09722222222222222
0 0.5390625 0.4222222222222222 0.0296875 0.08888888888888889
1 0.6171875 0.29444444444444445 0.05625 0.09722222222222222
0 0.69375 0.2916666666666667 0.028125 0.08611111111111111
0 0.553125 0.26666666666666666 0.01875 0.08055555555555556
2 0.3734375 0.5277777777777778 0.15 0.43333333333333335
0 0.2296875 0.37777777777777777 0.0421875 0.125
0 0.353125 0.2972222222222222 0.0265625 0.07222222222222222
0 0.3609375 0.23333333333333334 0.0171875 0.05277777777777778
0 0.3875 0.2388888888888889 0.0125 0.05555555555555555
0 0.365625 0.175 0.015625 0.044444444444444446
2 0.425 0.2777777777777778 0.0609375 0.11666666666666667
0 0.4921875 0.24444444444444444 0.01875 0.06388888888888888
