1 0.26953125 0.8472222222222222 0.2046875 0.3055555555555556
1 0.87421875 0.49166666666666664 0.171875 0.32222222222222224
1 0.38203125 0.5569444444444445 0.096875 0.16111111111111112
1 0.3890625 0.3972222222222222 0.0609375 0.10277777777777777
1 0.321875 0.3277777777777778 0.0453125 0.06388888888888888
2 0.3703125 0.33055555555555555 0.0578125 0.09722222222222222
2 0.5828125 0.17222222222222222 0.128125 0.11666666666666667
2 0.4578125 0.3125 0.0765625 0.15
2 0.40546875 0.2875 0.05 0.08055555555555556
3 0.4578125 0.3125 0.0703125 0.1388888888888889
