0 0.82109375 0.24722222222222223 0.0265625 0.08055555555555556
1 0.42734375 0.7402777777777778 0.140625 0.25833333333333336
1 0.2953125 0.6944444444444444 0.153125 0.24444444444444444
1 0.46484375 0.4152777777777778 0.078125 0.14444444444444443
1 0.3921875 0.4236111111111111 0.0703125 0.12222222222222222
1 0.440625 0.32083333333333336 0.05625 0.09444444444444444
1 0.33515625 0.30694444444444446 0.046875 0.06666666666666667
1 0.38046875 0.3486111111111111 0.0453125 0.08055555555555556
1 0.33046875 0.3111111111111111 0.0453125 0.06666666666666667
1 0.43359375 0.275 0.046875 0.06111111111111111
3 0.62890625 0.1527777777777778 0.1328125 0.14722222222222223
