0 0.43125 0.38333333333333336 0.021875 0.07222222222222222
1 0.728125 0.6472222222222223 0.146875 0.23055555555555557
1 0.2859375 0.6277777777777778 0.1 0.20555555555555555
1 0.5171875 0.36666666666666664 0.0546875 0.08611111111111111
1 0.5953125 0.33611111111111114 0.0515625 0.075
1 0.6265625 0.45 0.0765625 0.12222222222222222
1 0.5546875 0.5194444444444445 0.0953125 0.18055555555555555
1 0.51875 0.3 0.0421875 0.05555555555555555
1 0.61875 0.26944444444444443 0.0421875 0.05555555555555555
1 0.6671875 0.25277777777777777 0.0375 0.05277777777777778
1 0.3453125 0.36666666666666664 0.0546875 0.10555555555555556
3 0.5890625 0.2 0.10625 0.08055555555555556
