0 0.83515625 0.6527777777777778 0.0609375 0.15
0 0.73359375 0.45694444444444443 0.05 0.1361111111111111
0 0.67734375 0.4166666666666667 0.03125 0.11666666666666667
0 0.6234375 0.31527777777777777 0.028125 0.09444444444444444
0 0.653125 0.31805555555555554 0.0234375 0.06944444444444445
0 0.925 0.4527777777777778 0.065625 0.08055555555555556
0 0.8046875 0.32083333333333336 0.0515625 0.06111111111111111
0 0.4109375 0.33055555555555555 0.0328125 0.09166666666666666
0 0.784375 0.43472222222222223 0.0390625 0.10833333333333334
1 0.57890625 0.32083333333333336 0.0609375 0.11944444444444445
0 0.8359375 0.7958333333333333 0.04375 0.15555555555555556
0 0.709375 0.3527777777777778 0.0203125 0.08055555555555556
0 0.6875 0.34444444444444444 0.0203125 0.06944444444444445
0 0.63984375 0.21666666666666667 0.015625 0.05277777777777778
