3 0.62109375 0.21666666666666667 0.0640625 0.075
1 0.5421875 0.43333333333333335 0.0828125 0.11666666666666667
1 0.60234375 0.6888888888888889 0.159375 0.26666666666666666
1 0.896875 0.8902777777777777 0.20625 0.175
1 0.53671875 0.3055555555555556 0.0640625 0.11666666666666667
1 0.6015625 0.32083333333333336 0.0484375 0.08333333333333333
1 0.653125 0.24583333333333332 0.053125 0.07222222222222222
0 0.1640625 0.42083333333333334 0.03125 0.08611111111111111
0 0.875 0.4847222222222222 0.040625 0.1111111111111111
0 0.69921875 0.2875 0.01875 0.044444444444444446
2 0.71484375 0.5138888888888888 0.2015625 0.3638888888888889
