0 0.8515625 0.8305555555555556 0.0921875 0.24444444444444444
0 0.86796875 0.5944444444444444 0.053125 0.1388888888888889
0 0.7921875 0.6430555555555556 0.0625 0.1638888888888889
0 0.6546875 0.34305555555555556 0.0265625 0.08055555555555556
0 0.92578125 0.41388888888888886 0.053125 0.10833333333333334
0 0.79609375 0.29305555555555557 0.040625 0.058333333333333334
0 0.38359375 0.22916666666666666 0.01875 0.06666666666666667
0 0.409375 0.19444444444444445 0.0265625 0.06111111111111111
0 0.29375 0.3013888888888889 0.0375 0.09722222222222222
0 0.38671875 0.29305555555555557 0.0203125 0.06388888888888888
