1 0.428125 0.4 0.06875 0.14166666666666666
0 0.7390625 0.3888888888888889 0.0421875 0.10555555555555556
0 0.3046875 0.5666666666666667 0.059375 0.16111111111111112
0 0.2265625 0.6083333333333333 0.0671875 0.17777777777777778
0 0.15 0.5611111111111111 0.05 0.13333333333333333
0 0.09375 0.8361111111111111 0.0765625 0.24444444444444444
0 0.2515625 0.46944444444444444 0.03125 0.09166666666666666
0 0.265625 0.4 0.021875 0.06111111111111111
0 0.2515625 0.3611111111111111 0.0265625 0.04722222222222222
0 0.3046875 0.4166666666666667 0.03125 0.10555555555555556
0 0.3265625 0.4361111111111111 0.0375 0.1
0 0.334375 0.37222222222222223 0.0296875 0.06944444444444445
0 0.384375 0.3638888888888889 0.0296875 0.08333333333333333
0 0.36875 0.275 0.0140625 0.07222222222222222
0 0.403125 0.24444444444444444 0.01875 0.07777777777777778
0 0.315625 0.2861111111111111 0.015625 0.05
0 0.08125 0.40555555555555556 0.0703125 0.10833333333333334
0 0.10625 0.7 0.0796875 0.18055555555555555
0 0.3625 0.25277777777777777 0.0140625 0.06111111111111111
0 0.328125 0.33055555555555555 0.01875 0.06666666666666667
