0 0.678125 0.6111111111111112 0.0515625 0.18611111111111112
0 0.78125 0.4527777777777778 0.0390625 0.13055555555555556
1 0.565625 0.30277777777777776 0.065625 0.09444444444444444
0 0.3140625 0.45555555555555555 0.028125 0.11388888888888889
0 0.359375 0.33055555555555555 0.0296875 0.09166666666666666
0 0.2609375 0.42777777777777776 0.03125 0.10555555555555556
0 0.1890625 0.6555555555555556 0.053125 0.16944444444444445
0 0.0875 0.4027777777777778 0.075 0.06111111111111111
0 0.2984375 0.2722222222222222 0.0234375 0.07777777777777778
0 0.3984375 0.28055555555555556 0.0296875 0.07777777777777778
0 0.3703125 0.2388888888888889 0.021875 0.06944444444444445
0 0.23125 0.41944444444444445 0.03125 0.11388888888888889
0 0.4375 0.2638888888888889 0.01875 0.06666666666666667
0 0.3984375 0.20277777777777778 0.0203125 0.05555555555555555
0 0.615625 0.2111111111111111 0.0234375 0.06111111111111111
0 0.5921875 0.23055555555555557 0.01875 0.06388888888888888
