0 0.12734375 0.2652777777777778 0.04375 0.11388888888888889
1 0.58046875 0.8319444444444445 0.2171875 0.33611111111111114
1 0.703125 0.7986111111111112 0.178125 0.2722222222222222
1 0.534375 0.5208333333333334 0.0984375 0.18055555555555555
1 0.53671875 0.3638888888888889 0.0625 0.1
1 0.628125 0.5027777777777778 0.08125 0.13055555555555556
1 0.56171875 0.3013888888888889 0.046875 0.07222222222222222
1 0.63828125 0.3263888888888889 0.046875 0.07222222222222222
1 0.6203125 0.36666666666666664 0.0515625 0.08055555555555556
1 0.7359375 0.3347222222222222 0.0375 0.05555555555555555
3 0.58046875 0.2263888888888889 0.1140625 0.11666666666666667
0 0.35 0.5708333333333333 0.06875 0.16666666666666666
