0 0.3765625 0.5222222222222223 0.096875 0.19444444444444445
0 0.69765625 0.45555555555555555 0.0453125 0.125
0 0.67578125 0.3597222222222222 0.0375 0.08611111111111111
0 0.7109375 0.3347222222222222 0.028125 0.08611111111111111
0 0.92734375 0.5486111111111112 0.0703125 0.10277777777777777
0 0.8 0.3888888888888889 0.053125 0.075
0 0.3859375 0.25972222222222224 0.05 0.11666666666666667
0 0.334375 0.2361111111111111 0.0328125 0.08888888888888889
0 0.35703125 0.20416666666666666 0.034375 0.08888888888888889
0 0.68203125 0.31666666666666665 0.03125 0.07777777777777778
0 0.659375 0.2833333333333333 0.0203125 0.05277777777777778
1 0.584375 0.2513888888888889 0.046875 0.07777777777777778
