3 0.57578125 0.3236111111111111 0.1484375 0.3055555555555556
1 0.65625 0.3638888888888889 0.0578125 0.1111111111111111
0 0.7265625 0.35555555555555557 0.0265625 0.09166666666666666
0 0.77734375 0.4041666666666667 0.0375 0.10833333333333334
0 0.7875 0.5388888888888889 0.0453125 0.12222222222222222
0 0.07734375 0.8083333333333333 0.078125 0.15555555555555556
0 0.071875 0.4666666666666667 0.053125 0.07222222222222222
0 0.39609375 0.39861111111111114 0.04375 0.09722222222222222
0 0.67734375 0.24444444444444444 0.03125 0.06944444444444445
0 0.65546875 0.2833333333333333 0.0265625 0.08055555555555556
0 0.690625 0.28888888888888886 0.021875 0.06388888888888888
0 0.71484375 0.27361111111111114 0.0265625 0.06388888888888888
