3 0.353125 0.4361111111111111 0.1140625 0.21944444444444444
2 0.22890625 0.7472222222222222 0.225 0.375
0 0.8265625 0.25555555555555554 0.0265625 0.08055555555555556
0 0.70234375 0.1486111111111111 0.021875 0.030555555555555555
0 0.6578125 0.16527777777777777 0.028125 0.044444444444444446
0 0.56015625 0.2013888888888889 0.028125 0.041666666666666664
0 0.5171875 0.2152777777777778 0.0234375 0.04722222222222222
0 0.41640625 0.24305555555555555 0.025 0.041666666666666664
0 0.3984375 0.25 0.0265625 0.05
2 0.278125 0.2833333333333333 0.040625 0.05555555555555555
3 0.37734375 0.3236111111111111 0.065625 0.125
0 0.18828125 0.55 0.0375 0.08888888888888889
