0 0.28125 0.33055555555555555 0.0234375 0.058333333333333334
1 0.25390625 0.8194444444444444 0.215625 0.3527777777777778
1 0.32265625 0.29444444444444445 0.046875 0.06388888888888888
1 0.43125 0.6291666666666667 0.1265625 0.25277777777777777
1 0.4203125 0.9125 0.1875 0.175
1 0.4640625 0.3861111111111111 0.0625 0.11944444444444445
1 0.384375 0.3527777777777778 0.05 0.06944444444444445
1 0.37109375 0.30277777777777776 0.04375 0.05277777777777778
1 0.3546875 0.49444444444444446 0.103125 0.17222222222222222
1 0.37265625 0.4083333333333333 0.053125 0.07777777777777778
2 0.53046875 0.20416666666666666 0.1421875 0.13055555555555556
3 0.34375 0.2611111111111111 0.0609375 0.09166666666666666
