3 0.61875 0.43472222222222223 0.1234375 0.2916666666666667
0 0.675 0.3333333333333333 0.0359375 0.1
1 0.58359375 0.24722222222222223 0.046875 0.07777777777777778
1 0.528125 0.2388888888888889 0.0625 0.07777777777777778
1 0.3921875 0.5638888888888889 0.103125 0.23333333333333334
0 0.30390625 0.5555555555555556 0.065625 0.15555555555555556
0 0.2453125 0.5541666666666667 0.04375 0.13333333333333333
0 0.2015625 0.49027777777777776 0.0453125 0.09166666666666666
0 0.13125 0.5986111111111111 0.05625 0.1638888888888889
0 0.17890625 0.8208333333333333 0.075 0.19722222222222222
0 0.0640625 0.6958333333333333 0.0765625 0.175
0 0.18984375 0.6402777777777777 0.0515625 0.1388888888888889
0 0.37265625 0.3388888888888889 0.03125 0.08055555555555556
0 0.34921875 0.30833333333333335 0.0265625 0.06944444444444445
0 0.0765625 0.4708333333333333 0.0828125 0.1
1 0.4265625 0.24722222222222223 0.040625 0.08611111111111111
0 0.359375 0.2263888888888889 0.0203125 0.05555555555555555
0 0.346875 0.2638888888888889 0.021875 0.058333333333333334
0 0.38671875 0.23055555555555557 0.015625 0.05555555555555555
