0 0.26484375 0.7791666666666667 0.09375 0.23055555555555557
1 0.40625 0.5125 0.0890625 0.16111111111111112
1 0.6265625 0.43333333333333335 0.1 0.1527777777777778
0 0.72734375 0.4222222222222222 0.0609375 0.14166666666666666
0 0.915625 0.5486111111111112 0.078125 0.2
1 0.61015625 0.2861111111111111 0.06875 0.10833333333333334
2 0.51484375 0.2 0.0765625 0.14166666666666666
0 0.07109375 0.5402777777777777 0.065625 0.09444444444444444
0 0.1234375 0.7944444444444444 0.0859375 0.21944444444444444
1 0.42265625 0.31666666666666665 0.0515625 0.09722222222222222
0 0.6 0.20555555555555555 0.0265625 0.06388888888888888
