0 0.8375 0.6972222222222222 0.065625 0.18888888888888888
0 0.85703125 0.6194444444444445 0.0453125 0.1111111111111111
0 0.7609375 0.6097222222222223 0.04375 0.09444444444444444
0 0.7953125 0.47638888888888886 0.0328125 0.07777777777777778
1 0.64140625 0.3972222222222222 0.071875 0.14166666666666666
0 0.37265625 0.2833333333333333 0.03125 0.08611111111111111
0 0.28515625 0.33194444444444443 0.0328125 0.09166666666666666
0 0.18984375 0.4861111111111111 0.059375 0.16666666666666666
0 0.56171875 0.38333333333333336 0.0234375 0.09444444444444444
0 0.57421875 0.32916666666666666 0.01875 0.07222222222222222
0 0.7328125 0.36527777777777776 0.0265625 0.08333333333333333
0 0.7046875 0.3375 0.0234375 0.07222222222222222
0 0.68359375 0.36666666666666664 0.021875 0.075
0 0.6796875 0.2791666666666667 0.0234375 0.058333333333333334
0 0.66640625 0.31666666666666665 0.021875 0.06388888888888888
0 0.640625 0.30277777777777776 0.025 0.075
1 0.58828125 0.2847222222222222 0.05 0.08055555555555556
2 0.75234375 0.7486111111111111 0.4328125 0.5027777777777778
