1 0.44609375 0.30277777777777776 0.0546875 0.10833333333333334
0 0.3625 0.35555555555555557 0.03125 0.06944444444444445
0 0.65703125 0.3597222222222222 0.0328125 0.10277777777777777
0 0.73828125 0.4708333333333333 0.0578125 0.125
0 0.60234375 0.3013888888888889 0.021875 0.08333333333333333
0 0.665625 0.275 0.025 0.08333333333333333
0 0.6265625 0.2611111111111111 0.01875 0.07222222222222222
0 0.63671875 0.23055555555555557 0.021875 0.06388888888888888
0 0.37578125 0.24305555555555555 0.01875 0.05
0 0.39140625 0.2875 0.025 0.06111111111111111
3 0.4453125 0.19722222222222222 0.0671875 0.1361111111111111
