0 0.13125 0.6111111111111112 0.0546875 0.175
0 0.246875 0.4583333333333333 0.0484375 0.13055555555555556
0 0.3046875 0.35555555555555557 0.04375 0.125
0 0.346875 0.3055555555555556 0.0328125 0.09166666666666666
0 0.3625 0.25555555555555554 0.021875 0.07777777777777778
0 0.38125 0.2777777777777778 0.0203125 0.075
0 0.771875 0.39444444444444443 0.03125 0.09166666666666666
0 0.8578125 0.5861111111111111 0.05 0.18055555555555555
0 0.6890625 0.2777777777777778 0.025 0.075
2 0.59375 0.3 0.1015625 0.2
1 0.4421875 0.25833333333333336 0.046875 0.09444444444444444
1 0.521875 0.21388888888888888 0.0421875 0.06666666666666667
0 0.2140625 0.39444444444444443 0.046875 0.1111111111111111
0 0.078125 0.4 0.075 0.1
0 0.209375 0.2833333333333333 0.0484375 0.05555555555555555
0 0.2671875 0.6944444444444444 0.0609375 0.20833333333333334
0 0.2359375 0.5888888888888889 0.040625 0.125
0 0.325 0.26666666666666666 0.0203125 0.08611111111111111
0 0.3875 0.18888888888888888 0.0140625 0.06666666666666667
0 0.3625 0.18333333333333332 0.0140625 0.05277777777777778
0 0.4015625 0.19444444444444445 0.0125 0.05277777777777778
