0 0.2890625 0.3888888888888889 0.034375 0.1
0 0.33984375 0.3375 0.0234375 0.075
0 0.37421875 0.3333333333333333 0.025 0.058333333333333334
0 0.22578125 0.4652777777777778 0.0328125 0.08888888888888889
0 0.1828125 0.6097222222222223 0.0578125 0.12222222222222222
0 0.078125 0.48333333333333334 0.071875 0.09166666666666666
1 0.68046875 0.4111111111111111 0.0984375 0.1361111111111111
0 0.7859375 0.475 0.0453125 0.10555555555555556
0 0.696875 0.32083333333333336 0.028125 0.08888888888888889
0 0.66953125 0.25833333333333336 0.028125 0.08333333333333333
1 0.565625 0.25 0.046875 0.07777777777777778
0 0.91640625 0.7458333333333333 0.0734375 0.20555555555555555
0 0.296875 0.32916666666666666 0.025 0.06111111111111111
0 0.33046875 0.3138888888888889 0.0171875 0.058333333333333334
0 0.3859375 0.26666666666666666 0.015625 0.05277777777777778
0 0.35859375 0.2916666666666667 0.0171875 0.06111111111111111
1 0.44609375 0.24722222222222223 0.04375 0.08055555555555556
0 0.51796875 0.21666666666666667 0.01875 0.06111111111111111
