0 0.7 0.3388888888888889 0.0296875 0.08055555555555556
1 0.3703125 0.6305555555555555 0.1234375 0.26944444444444443
0 0.1453125 0.5388888888888889 0.0421875 0.12777777777777777
0 0.259375 0.3888888888888889 0.028125 0.075
0 0.321875 0.4666666666666667 0.0328125 0.11388888888888889
0 0.3765625 0.3861111111111111 0.025 0.1111111111111111
0 0.409375 0.39444444444444443 0.025 0.08611111111111111
0 0.5328125 0.28055555555555556 0.015625 0.05555555555555555
0 0.371875 0.3111111111111111 0.0265625 0.07222222222222222
0 0.3875 0.26666666666666666 0.015625 0.08055555555555556
0 0.034375 0.7333333333333333 0.06875 0.20555555555555555
