0 0.128125 0.4166666666666667 0.0265625 0.09722222222222222
0 0.16875 0.2833333333333333 0.021875 0.06111111111111111
1 0.5828125 0.6694444444444444 0.1015625 0.19444444444444445
1 0.6828125 0.55 0.1109375 0.15833333333333333
1 0.525 0.38055555555555554 0.05625 0.10277777777777777
1 0.653125 0.25555555555555554 0.0421875 0.05277777777777778
1 0.5421875 0.29444444444444445 0.034375 0.05
1 0.59375 0.36666666666666664 0.046875 0.09166666666666666
1 0.5515625 0.25555555555555554 0.04375 0.05
1 0.6125 0.2722222222222222 0.0453125 0.06111111111111111
2 0.696875 0.2111111111111111 0.0703125 0.06944444444444445
2 0.5421875 0.29444444444444445 0.0375 0.05555555555555555
3 0.3703125 0.19444444444444445 0.078125 0.075
