1 0.42265625 0.4125 0.071875 0.13055555555555556
0 0.2640625 0.37777777777777777 0.03125 0.08888888888888889
0 0.14453125 0.6138888888888889 0.0671875 0.1111111111111111
0 0.32734375 0.2972222222222222 0.0234375 0.08055555555555556
1 0.353125 0.8222222222222222 0.18125 0.3388888888888889
1 0.62890625 0.5930555555555556 0.0953125 0.23333333333333334
0 0.77734375 0.6013888888888889 0.0484375 0.14166666666666666
0 0.8484375 0.5652777777777778 0.034375 0.08055555555555556
0 0.815625 0.5069444444444444 0.0328125 0.11666666666666667
0 0.92734375 0.44027777777777777 0.0546875 0.075
0 0.79296875 0.31527777777777777 0.04375 0.041666666666666664
0 0.7421875 0.4027777777777778 0.0265625 0.06944444444444445
0 0.703125 0.4083333333333333 0.028125 0.10277777777777777
1 0.64375 0.3597222222222222 0.0625 0.10833333333333334
0 0.90234375 0.8708333333333333 0.0734375 0.175
0 0.728125 0.3597222222222222 0.025 0.08611111111111111
0 0.61484375 0.25416666666666665 0.01875 0.06111111111111111
0 0.5765625 0.23472222222222222 0.0234375 0.058333333333333334
0 0.63515625 0.2625 0.0203125 0.06666666666666667
0 0.66328125 0.25972222222222224 0.0140625 0.05555555555555555
0 0.6453125 0.2513888888888889 0.015625 0.06666666666666667
0 0.35078125 0.36666666666666664 0.034375 0.10277777777777777
0 0.26171875 0.3111111111111111 0.0265625 0.09166666666666666
0 0.3359375 0.24027777777777778 0.0265625 0.06388888888888888
0 0.41171875 0.19722222222222222 0.0171875 0.05
