0 0.32265625 0.39444444444444443 0.0296875 0.09444444444444444
0 0.3046875 0.3111111111111111 0.021875 0.06388888888888888
0 0.44296875 0.24027777777777778 0.021875 0.06666666666666667
0 0.6875 0.4861111111111111 0.0375 0.11944444444444445
0 0.6578125 0.3611111111111111 0.03125 0.08888888888888889
0 0.5953125 0.325 0.025 0.07777777777777778
0 0.7 0.33055555555555555 0.028125 0.06944444444444445
0 0.7390625 0.3763888888888889 0.0265625 0.06666666666666667
0 0.7671875 0.3527777777777778 0.0265625 0.08055555555555556
0 0.82734375 0.5819444444444445 0.0546875 0.14722222222222223
1 0.47578125 0.22361111111111112 0.046875 0.08333333333333333
0 0.70234375 0.4013888888888889 0.03125 0.10833333333333334
0 0.66796875 0.28888888888888886 0.0140625 0.06388888888888888
0 0.59765625 0.24722222222222223 0.015625 0.058333333333333334
0 0.62734375 0.24861111111111112 0.0125 0.04722222222222222
0 0.66640625 0.24444444444444444 0.0140625 0.044444444444444446
0 0.64765625 0.24583333333333332 0.0140625 0.04722222222222222
3 0.5359375 0.20416666666666666 0.040625 0.11944444444444445
