0 0.64375 0.45555555555555555 0.0265625 0.13055555555555556
0 0.365625 0.46111111111111114 0.0328125 0.16111111111111112
0 0.075 0.7472222222222222 0.078125 0.21666666666666667
0 0.1296875 0.5388888888888889 0.0640625 0.11388888888888889
0 0.0765625 0.4 0.06875 0.08333333333333333
0 0.2078125 0.275 0.0546875 0.041666666666666664
0 0.2734375 0.4111111111111111 0.021875 0.09444444444444444
0 0.3078125 0.4166666666666667 0.034375 0.125
0 0.2578125 0.3416666666666667 0.0296875 0.06388888888888888
0 0.3234375 0.32222222222222224 0.028125 0.08055555555555556
0 0.371875 0.2833333333333333 0.025 0.07777777777777778
0 0.596875 0.21388888888888888 0.0171875 0.05555555555555555
0 0.2265625 0.4166666666666667 0.0265625 0.09722222222222222
0 0.353125 0.25277777777777777 0.015625 0.058333333333333334
0 0.4078125 0.22777777777777777 0.01875 0.058333333333333334
1 0.4375 0.25 0.046875 0.1
