1 0.665625 0.49444444444444446 0.09375 0.1527777777777778
1 0.5328125 0.4166666666666667 0.059375 0.1111111111111111
1 0.66875 0.25277777777777777 0.0328125 0.044444444444444446
1 0.565625 0.25277777777777777 0.0375 0.05555555555555555
1 0.628125 0.2361111111111111 0.0421875 0.044444444444444446
2 0.8625 0.8138888888888889 0.259375 0.36944444444444446
2 0.6171875 0.3527777777777778 0.06875 0.13055555555555556
3 0.509375 0.2 0.090625 0.08611111111111111
3 0.525 0.2861111111111111 0.0609375 0.1388888888888889
1 0.2390625 0.3333333333333333 0.05625 0.09444444444444444
