1 0.7375 0.6388888888888888 0.153125 0.21944444444444444
1 0.6296875 0.8305555555555556 0.1796875 0.33611111111111114
1 0.596875 0.29444444444444445 0.046875 0.06388888888888888
1 0.603125 0.3638888888888889 0.0453125 0.07222222222222222
1 0.6359375 0.26666666666666666 0.040625 0.04722222222222222
1 0.540625 0.45 0.08125 0.15555555555555556
1 0.6421875 0.4361111111111111 0.0671875 0.12222222222222222
2 0.346875 0.2 0.125 0.10277777777777777
2 0.6984375 0.2388888888888889 0.128125 0.09166666666666666
3 0.596875 0.24166666666666667 0.05625 0.08333333333333333
