1 0.60390625 0.4847222222222222 0.1234375 0.21944444444444444
0 0.66640625 0.30277777777777776 0.0296875 0.08055555555555556
0 0.865625 0.7388888888888889 0.059375 0.1361111111111111
1 0.284375 0.725 0.2046875 0.45555555555555555
0 0.096875 0.25833333333333336 0.0578125 0.07777777777777778
0 0.325 0.25 0.034375 0.07777777777777778
0 0.34765625 0.2611111111111111 0.0265625 0.06666666666666667
0 0.34296875 0.3375 0.03125 0.08055555555555556
0 0.396875 0.26666666666666666 0.0296875 0.09722222222222222
0 0.49296875 0.24305555555555555 0.0609375 0.09166666666666666
0 0.65234375 0.3402777777777778 0.028125 0.075
0 0.1703125 0.5902777777777778 0.0828125 0.20277777777777778
0 0.4203125 0.20972222222222223 0.028125 0.075
