0 0.11015625 0.3861111111111111 0.0265625 0.06388888888888888
0 0.1484375 0.4222222222222222 0.028125 0.06944444444444445
1 0.63671875 0.6638888888888889 0.1875 0.34444444444444444
1 0.5125 0.3861111111111111 0.0703125 0.12222222222222222
1 0.6515625 0.16111111111111112 0.0453125 0.058333333333333334
1 0.43046875 0.24861111111111112 0.0609375 0.075
1 0.58828125 0.23055555555555557 0.046875 0.075
1 0.509375 0.25416666666666665 0.0484375 0.06944444444444445
1 0.621875 0.19305555555555556 0.0484375 0.075
1 0.56953125 0.20694444444444443 0.0484375 0.06666666666666667
2 0.73671875 0.5222222222222223 0.23125 0.4166666666666667
2 0.609375 0.34444444444444444 0.0890625 0.1638888888888889
3 0.53984375 0.17916666666666667 0.0765625 0.09166666666666666
