3 0.33515625 0.2652777777777778 0.065625 0.08333333333333333
1 0.43125 0.6347222222222222 0.1234375 0.24444444444444444
1 0.37578125 0.9291666666666667 0.1953125 0.14166666666666666
1 0.1859375 0.8875 0.246875 0.225
1 0.45546875 0.4222222222222222 0.0703125 0.1361111111111111
1 0.44453125 0.3236111111111111 0.05625 0.1
1 0.3796875 0.3375 0.0453125 0.07777777777777778
1 0.41484375 0.29305555555555557 0.0421875 0.06666666666666667
2 0.31875 0.5236111111111111 0.1828125 0.33611111111111114
0 0.0921875 0.6819444444444445 0.053125 0.13055555555555556
0 0.896875 0.39166666666666666 0.0578125 0.13333333333333333
