3 0.65 0.2361111111111111 0.0625 0.07222222222222222
1 0.5765625 0.6208333333333333 0.1171875 0.23333333333333334
1 0.65 0.9319444444444445 0.18125 0.1361111111111111
1 0.8390625 0.8722222222222222 0.225 0.25555555555555554
1 0.53984375 0.4152777777777778 0.0609375 0.12222222222222222
1 0.54453125 0.31527777777777777 0.053125 0.09444444444444444
1 0.61015625 0.31527777777777777 0.040625 0.06388888888888888
1 0.571875 0.2791666666666667 0.0375 0.058333333333333334
2 0.68203125 0.4888888888888889 0.1609375 0.2972222222222222
0 0.91640625 0.6055555555555555 0.05 0.12777777777777777
0 0.09921875 0.4652777777777778 0.0453125 0.12222222222222222
