0 0.684375 0.41388888888888886 0.0453125 0.11666666666666667
0 0.9109375 0.7138888888888889 0.065625 0.17222222222222222
1 0.4140625 0.4444444444444444 0.0734375 0.18055555555555555
2 0.5671875 0.3111111111111111 0.09375 0.20833333333333334
0 0.2375 0.4888888888888889 0.04375 0.1361111111111111
0 0.19375 0.49722222222222223 0.0296875 0.09444444444444444
0 0.084375 0.4166666666666667 0.059375 0.08055555555555556
0 0.353125 0.375 0.0359375 0.08611111111111111
0 0.325 0.30833333333333335 0.028125 0.07222222222222222
0 0.290625 0.32222222222222224 0.028125 0.09166666666666666
0 0.240625 0.38333333333333336 0.01875 0.075
0 0.2625 0.4222222222222222 0.03125 0.09722222222222222
0 0.3625 0.28888888888888886 0.025 0.06944444444444445
0 0.390625 0.33611111111111114 0.0328125 0.08333333333333333
0 0.1625 0.7944444444444444 0.08125 0.18611111111111112
0 0.059375 0.7611111111111111 0.0671875 0.15833333333333333
0 0.41875 0.2388888888888889 0.01875 0.06388888888888888
0 0.371875 0.23055555555555557 0.0140625 0.05277777777777778
0 0.378125 0.19722222222222222 0.015625 0.06111111111111111
