0 0.678125 0.3861111111111111 0.025 0.08333333333333333
0 0.63125 0.3388888888888889 0.021875 0.08055555555555556
1 0.703125 0.5638888888888889 0.1265625 0.20833333333333334
2 0.5625 0.25 0.0671875 0.1527777777777778
0 0.3125 0.31666666666666665 0.0296875 0.09166666666666666
0 0.3921875 0.28888888888888886 0.025 0.09166666666666666
1 0.453125 0.2833333333333333 0.0484375 0.08888888888888889
0 0.075 0.4027777777777778 0.0609375 0.06111111111111111
0 0.1203125 0.6111111111111112 0.0640625 0.15555555555555556
0 0.5609375 0.4111111111111111 0.0296875 0.1
