0 0.809375 0.5416666666666666 0.059375 0.17222222222222222
0 0.8765625 0.49722222222222223 0.059375 0.1638888888888889
0 0.18203125 0.7972222222222223 0.0828125 0.25555555555555554
0 0.32890625 0.3458333333333333 0.0296875 0.1
0 0.27578125 0.37083333333333335 0.034375 0.11388888888888889
0 0.40546875 0.2611111111111111 0.0203125 0.07222222222222222
0 0.3703125 0.225 0.0171875 0.03888888888888889
0 0.69921875 0.3736111111111111 0.0421875 0.14444444444444443
0 0.65078125 0.31805555555555554 0.028125 0.08055555555555556
0 0.61953125 0.28055555555555556 0.0328125 0.07777777777777778
0 0.57109375 0.25416666666666665 0.034375 0.08888888888888889
0 0.67421875 0.2777777777777778 0.0359375 0.09166666666666666
0 0.9140625 0.3347222222222222 0.0640625 0.07777777777777778
0 0.77890625 0.24444444444444444 0.0484375 0.05555555555555555
0 0.71953125 0.3375 0.025 0.09166666666666666
