0 0.84375 0.3236111111111111 0.03125 0.09722222222222222
1 0.45078125 0.5666666666666667 0.096875 0.17777777777777778
1 0.22109375 0.8486111111111111 0.2109375 0.30277777777777776
1 0.3640625 0.8625 0.196875 0.275
1 0.35 0.5180555555555556 0.09375 0.14722222222222223
1 0.475 0.38333333333333336 0.0578125 0.1
1 0.39375 0.3402777777777778 0.0453125 0.07222222222222222
1 0.465625 0.2986111111111111 0.053125 0.07222222222222222
1 0.38828125 0.29444444444444445 0.0421875 0.07222222222222222
1 0.30078125 0.2625 0.0390625 0.05277777777777778
3 0.46328125 0.20694444444444443 0.1109375 0.075
0 0.73046875 0.8166666666666667 0.0796875 0.23055555555555557
