0 0.36953125 0.6305555555555555 0.053125 0.14166666666666666
0 0.2796875 0.6069444444444444 0.0421875 0.13055555555555556
0 0.23828125 0.49444444444444446 0.05 0.1111111111111111
0 0.221875 0.5791666666666667 0.05 0.1111111111111111
0 0.121875 0.8111111111111111 0.0921875 0.23333333333333334
0 0.31796875 0.4527777777777778 0.04375 0.1111111111111111
0 0.30078125 0.39861111111111114 0.034375 0.09166666666666666
0 0.3546875 0.3236111111111111 0.034375 0.07777777777777778
3 0.56171875 0.3680555555555556 0.1359375 0.2833333333333333
0 0.0703125 0.5416666666666666 0.065625 0.08611111111111111
0 0.3265625 0.28055555555555556 0.0265625 0.06388888888888888
