0 0.68671875 0.42083333333333334 0.034375 0.10833333333333334
0 0.29609375 0.39444444444444443 0.0484375 0.13055555555555556
0 0.1875 0.4486111111111111 0.0578125 0.10833333333333334
0 0.07734375 0.30416666666666664 0.0609375 0.1
0 0.228125 0.21666666666666667 0.0484375 0.04722222222222222
0 0.43359375 0.275 0.03125 0.07222222222222222
0 0.3859375 0.2375 0.021875 0.06944444444444445
0 0.38046875 0.3194444444444444 0.025 0.07777777777777778
0 0.2546875 0.5611111111111111 0.0515625 0.14722222222222223
0 0.359375 0.2125 0.021875 0.06666666666666667
0 0.3671875 0.275 0.0296875 0.1
0 0.64140625 0.8875 0.0734375 0.225
