1 0.25546875 0.5069444444444444 0.13125 0.2111111111111111
3 0.4234375 0.33194444444444443 0.171875 0.33611111111111114
0 0.0859375 0.5291666666666667 0.0875 0.15833333333333333
0 0.290625 0.29444444444444445 0.028125 0.07777777777777778
0 0.26875 0.29444444444444445 0.046875 0.10833333333333334
0 0.33046875 0.26944444444444443 0.021875 0.06111111111111111
0 0.75 0.4777777777777778 0.04375 0.13333333333333333
0 0.9234375 0.5208333333333334 0.06875 0.1
0 0.35078125 0.2777777777777778 0.0265625 0.08333333333333333
0 0.21875 0.3194444444444444 0.0375 0.1111111111111111
