1 0.3625 0.5666666666666667 0.1140625 0.2638888888888889
0 0.3265625 0.36944444444444446 0.0453125 0.08333333333333333
0 0.475 0.2722222222222222 0.0390625 0.05277777777777778
0 0.5078125 0.25833333333333336 0.03125 0.06666666666666667
0 0.0828125 0.5777777777777777 0.0578125 0.14722222222222223
0 0.6609375 0.2777777777777778 0.01875 0.08055555555555556
0 0.5390625 0.26666666666666666 0.0203125 0.06388888888888888
0 0.3953125 0.29444444444444445 0.0203125 0.07777777777777778
0 0.384375 0.2361111111111111 0.015625 0.058333333333333334
0 0.41875 0.23055555555555557 0.015625 0.06111111111111111
