0 0.8546875 0.6944444444444444 0.075 0.19444444444444445
0 0.9609375 0.7638888888888888 0.075 0.225
0 0.7734375 0.4666666666666667 0.0421875 0.12777777777777777
0 0.721875 0.41388888888888886 0.0359375 0.1
0 0.690625 0.3416666666666667 0.0328125 0.08055555555555556
3 0.609375 0.4222222222222222 0.16875 0.3527777777777778
0 0.14375 0.55 0.0375 0.10555555555555556
0 0.209375 0.4777777777777778 0.028125 0.10555555555555556
0 0.075 0.39166666666666666 0.06875 0.06944444444444445
0 0.3375 0.26944444444444443 0.015625 0.07777777777777778
0 0.665625 0.28888888888888886 0.01875 0.05555555555555555
