1 0.66953125 0.7611111111111111 0.1578125 0.3277777777777778
0 0.77890625 0.45555555555555555 0.0453125 0.11944444444444445
0 0.87421875 0.43333333333333335 0.0796875 0.09722222222222222
1 0.3828125 0.6347222222222222 0.1140625 0.26666666666666666
1 0.4328125 0.36944444444444446 0.065625 0.12777777777777777
0 0.2859375 0.3763888888888889 0.0390625 0.10833333333333334
0 0.07578125 0.4013888888888889 0.0578125 0.09444444444444444
0 0.21171875 0.275 0.04375 0.04722222222222222
0 0.51953125 0.2722222222222222 0.0484375 0.09444444444444444
0 0.3546875 0.21805555555555556 0.01875 0.06388888888888888
0 0.378125 0.2013888888888889 0.0125 0.058333333333333334
0 0.54453125 0.24583333333333332 0.0140625 0.058333333333333334
0 0.66171875 0.25 0.021875 0.06666666666666667
