0 0.0828125 0.4027777777777778 0.065625 0.06944444444444445
0 0.209375 0.2833333333333333 0.05625 0.03611111111111111
0 0.7109375 0.44722222222222224 0.0390625 0.1111111111111111
1 0.434375 0.35555555555555557 0.0640625 0.1361111111111111
0 0.284375 0.37777777777777777 0.053125 0.1111111111111111
0 0.3171875 0.2777777777777778 0.0359375 0.08055555555555556
0 0.396875 0.2222222222222222 0.0171875 0.06388888888888888
0 0.5203125 0.2722222222222222 0.0359375 0.07222222222222222
1 0.45 0.2361111111111111 0.0390625 0.07777777777777778
0 0.421875 0.20555555555555555 0.01875 0.05
0 0.625 0.25277777777777777 0.01875 0.06388888888888888
0 0.6609375 0.24444444444444444 0.015625 0.058333333333333334
