1 0.3734375 0.6027777777777777 0.115625 0.3055555555555556
0 0.1796875 0.46111111111111114 0.0359375 0.09166666666666666
0 0.0796875 0.6722222222222223 0.078125 0.19722222222222222
0 0.0734375 0.39444444444444443 0.059375 0.06944444444444445
0 0.1421875 0.8888888888888888 0.090625 0.18611111111111112
3 0.6328125 0.5111111111111111 0.1921875 0.4583333333333333
0 0.871875 0.7666666666666667 0.08125 0.2
0 0.778125 0.5277777777777778 0.034375 0.13055555555555556
0 0.715625 0.34444444444444444 0.0296875 0.08333333333333333
0 0.890625 0.675 0.0546875 0.14166666666666666
0 0.3015625 0.3388888888888889 0.03125 0.09722222222222222
0 0.325 0.2861111111111111 0.0203125 0.075
0 0.3578125 0.2638888888888889 0.01875 0.06388888888888888
1 0.540625 0.32222222222222224 0.0453125 0.08888888888888889
0 0.2703125 0.3861111111111111 0.0328125 0.09444444444444444
0 0.375 0.19444444444444445 0.015625 0.058333333333333334
0 0.6171875 0.23333333333333334 0.0203125 0.058333333333333334
