1 0.4078125 0.44722222222222224 0.0734375 0.1527777777777778
0 0.178125 0.6361111111111111 0.06875 0.14166666666666666
0 0.0828125 0.3486111111111111 0.0625 0.08055555555555556
0 0.3234375 0.3277777777777778 0.03125 0.10277777777777777
0 0.3875 0.33611111111111114 0.025 0.08055555555555556
0 0.3640625 0.25416666666666665 0.0296875 0.07777777777777778
0 0.6390625 0.275 0.0359375 0.075
0 0.5078125 0.25277777777777777 0.0421875 0.07222222222222222
0 0.40703125 0.20416666666666666 0.021875 0.058333333333333334
0 0.38515625 0.28194444444444444 0.0171875 0.06111111111111111
