0 0.28828125 0.5291666666666667 0.053125 0.125
1 0.54375 0.3277777777777778 0.05625 0.09722222222222222
0 0.7640625 0.42777777777777776 0.0546875 0.125
0 0.93046875 0.6986111111111111 0.0671875 0.2
0 0.078125 0.4236111111111111 0.0640625 0.10833333333333334
0 0.35625 0.3388888888888889 0.0234375 0.075
0 0.4046875 0.2722222222222222 0.0296875 0.08055555555555556
0 0.37734375 0.2847222222222222 0.025 0.07222222222222222
0 0.34296875 0.29305555555555557 0.025 0.06111111111111111
3 0.7359375 0.6527777777777778 0.390625 0.6833333333333333
0 0.24375 0.44583333333333336 0.0296875 0.09444444444444444
0 0.26953125 0.375 0.046875 0.12777777777777777
1 0.4453125 0.2611111111111111 0.053125 0.09722222222222222
0 0.65 0.25416666666666665 0.0171875 0.06388888888888888
0 0.62890625 0.225 0.01875 0.05555555555555555
0 0.3375 0.24861111111111112 0.021875 0.05277777777777778
0 0.375 0.1986111111111111 0.021875 0.05
0 0.36640625 0.225 0.015625 0.044444444444444446
