0 0.1828125 0.4722222222222222 0.028125 0.09722222222222222
1 0.40703125 0.6805555555555556 0.1359375 0.25555555555555554
1 0.1609375 0.8013888888888889 0.2296875 0.35833333333333334
1 0.4625 0.4361111111111111 0.0703125 0.125
1 0.334375 0.48194444444444445 0.1078125 0.17222222222222222
2 0.37890625 0.2361111111111111 0.071875 0.10555555555555556
2 0.471875 0.2763888888888889 0.071875 0.14166666666666666
3 0.3765625 0.33055555555555555 0.08125 0.15555555555555556
3 0.30859375 0.21805555555555556 0.0625 0.075
0 0.30234375 0.2791666666666667 0.0171875 0.06388888888888888
