0 0.078125 0.39166666666666666 0.0734375 0.075
0 0.3125 0.37777777777777777 0.0296875 0.10555555555555556
0 0.084375 0.6194444444444445 0.040625 0.1
3 0.3875 0.5305555555555556 0.1296875 0.2611111111111111
0 0.6640625 0.3055555555555556 0.025 0.075
0 0.6921875 0.30833333333333335 0.025 0.08888888888888889
0 0.3125 0.29444444444444445 0.0203125 0.06666666666666667
0 0.2296875 0.5111111111111111 0.040625 0.10833333333333334
0 0.35 0.3055555555555556 0.0203125 0.06666666666666667
0 0.0984375 0.7722222222222223 0.078125 0.20833333333333334
2 0.4140625 0.33611111111111114 0.10625 0.21388888888888888
1 0.4703125 0.28888888888888886 0.0203125 0.07777777777777778
