3 0.62890625 0.6597222222222222 0.23125 0.5
0 0.33515625 0.7222222222222222 0.0640625 0.24166666666666667
0 0.22265625 0.5569444444444445 0.0625 0.175
0 0.16171875 0.4527777777777778 0.046875 0.11944444444444445
0 0.228125 0.3902777777777778 0.04375 0.11388888888888889
0 0.29609375 0.3458333333333333 0.0375 0.09722222222222222
0 0.35546875 0.34305555555555556 0.0375 0.12222222222222222
0 0.41328125 0.41944444444444445 0.0390625 0.11388888888888889
0 0.4453125 0.3347222222222222 0.03125 0.09722222222222222
0 0.36640625 0.25277777777777777 0.01875 0.06666666666666667
0 0.38515625 0.2791666666666667 0.025 0.06944444444444445
0 0.08515625 0.3263888888888889 0.065625 0.07777777777777778
0 0.31484375 0.2763888888888889 0.0390625 0.09444444444444444
