0 0.36015625 0.5736111111111111 0.05 0.1527777777777778
0 0.91796875 0.6541666666666667 0.1015625 0.2222222222222222
0 0.75625 0.4236111111111111 0.065625 0.16944444444444445
0 0.6890625 0.35 0.04375 0.12222222222222222
0 0.640625 0.32916666666666666 0.0328125 0.08055555555555556
0 0.65546875 0.28888888888888886 0.0359375 0.1
0 0.590625 0.2263888888888889 0.0265625 0.07222222222222222
1 0.55390625 0.2916666666666667 0.0640625 0.12222222222222222
0 0.12734375 0.6819444444444445 0.084375 0.2
0 0.21640625 0.5361111111111111 0.0453125 0.13055555555555556
0 0.23828125 0.4263888888888889 0.040625 0.08611111111111111
2 0.4 0.29583333333333334 0.11875 0.23055555555555557
0 0.29609375 0.31527777777777777 0.0390625 0.09722222222222222
0 0.759375 0.31527777777777777 0.05 0.10277777777777777
0 0.9125 0.32222222222222224 0.06875 0.08888888888888889
0 0.775 0.23055555555555557 0.0515625 0.06666666666666667
0 0.68046875 0.2625 0.0265625 0.07777777777777778
