1 0.40390625 0.39861111111111114 0.071875 0.13055555555555556
0 0.27109375 0.46805555555555556 0.0515625 0.12777777777777777
0 0.23359375 0.41388888888888886 0.034375 0.10833333333333334
0 0.1328125 0.4986111111111111 0.04375 0.11666666666666667
0 0.265625 0.32222222222222224 0.0328125 0.08055555555555556
0 0.2921875 0.35 0.0296875 0.08888888888888889
0 0.33125 0.3236111111111111 0.0296875 0.09444444444444444
0 0.31640625 0.28194444444444444 0.0234375 0.08055555555555556
0 0.38828125 0.26666666666666666 0.0203125 0.06111111111111111
1 0.45625 0.28194444444444444 0.0515625 0.10277777777777777
1 0.31171875 0.7416666666666667 0.2125 0.44722222222222224
1 0.5671875 0.32222222222222224 0.05 0.08888888888888889
0 0.1484375 0.4125 0.04375 0.10555555555555556
0 0.36171875 0.2569444444444444 0.0234375 0.05555555555555555
0 0.35390625 0.2125 0.015625 0.041666666666666664
0 0.3890625 0.22777777777777777 0.0203125 0.044444444444444446
0 0.4125 0.23194444444444445 0.0234375 0.06111111111111111
