3 0.63359375 0.6 0.1453125 0.3638888888888889
1 0.54140625 0.3111111111111111 0.0609375 0.08888888888888889
0 0.603125 0.3541666666666667 0.0234375 0.08888888888888889
0 0.66484375 0.30416666666666664 0.0265625 0.06666666666666667
0 0.68671875 0.28888888888888886 0.0265625 0.075
0 0.74375 0.32916666666666666 0.03125 0.11666666666666667
0 0.27890625 0.45555555555555555 0.03125 0.11666666666666667
0 0.1 0.6888888888888889 0.0609375 0.10277777777777777
0 0.0828125 0.4236111111111111 0.0578125 0.06388888888888888
0 0.19921875 0.29583333333333334 0.0390625 0.03611111111111111
0 0.31171875 0.2972222222222222 0.025 0.08888888888888889
0 0.3484375 0.2652777777777778 0.0203125 0.06388888888888888
0 0.3765625 0.2652777777777778 0.025 0.075
0 0.56328125 0.20972222222222223 0.01875 0.06111111111111111
0 0.54765625 0.2388888888888889 0.021875 0.06666666666666667
0 0.62578125 0.21666666666666667 0.0265625 0.06388888888888888
