0 0.7125 0.4027777777777778 0.0375 0.08888888888888889
1 0.359375 0.5888888888888889 0.1484375 0.30277777777777776
0 0.146875 0.42916666666666664 0.0546875 0.1388888888888889
0 0.27421875 0.31666666666666665 0.034375 0.08333333333333333
0 0.328125 0.4125 0.04375 0.12222222222222222
0 0.38984375 0.35 0.0359375 0.11666666666666667
0 0.42109375 0.3680555555555556 0.0328125 0.09166666666666666
0 0.55390625 0.29444444444444445 0.0203125 0.058333333333333334
0 0.3921875 0.275 0.0328125 0.08055555555555556
0 0.41171875 0.2361111111111111 0.0234375 0.08333333333333333
0 0.03125 0.5847222222222223 0.0625 0.225
