0 0.92421875 0.5180555555555556 0.0796875 0.18055555555555555
0 0.78828125 0.4013888888888889 0.04375 0.13055555555555556
0 0.74765625 0.31805555555555554 0.03125 0.08611111111111111
0 0.69609375 0.3541666666666667 0.0359375 0.08888888888888889
0 0.66484375 0.38055555555555554 0.0328125 0.1
0 0.67734375 0.29305555555555557 0.03125 0.08333333333333333
0 0.9109375 0.28055555555555556 0.0625 0.07777777777777778
0 0.25859375 0.5402777777777777 0.03125 0.08611111111111111
0 0.28984375 0.4152777777777778 0.034375 0.09444444444444444
1 0.3515625 0.37916666666666665 0.065625 0.10277777777777777
0 0.1890625 0.6319444444444444 0.053125 0.11666666666666667
2 0.23515625 0.7958333333333333 0.2796875 0.4083333333333333
1 0.39765625 0.25555555555555554 0.05 0.08611111111111111
0 0.4546875 0.2763888888888889 0.03125 0.07777777777777778
0 0.64296875 0.2791666666666667 0.03125 0.08333333333333333
0 0.61875 0.2722222222222222 0.025 0.07777777777777778
1 0.52890625 0.2722222222222222 0.059375 0.10555555555555556
0 0.446875 0.21944444444444444 0.01875 0.041666666666666664
0 0.31484375 0.3388888888888889 0.01875 0.05277777777777778
