1 0.440625 0.5263888888888889 0.1 0.18611111111111112
1 0.36015625 0.7722222222222223 0.2 0.3861111111111111
1 0.12734375 0.7513888888888889 0.2546875 0.325
1 0.5078125 0.2263888888888889 0.0640625 0.075
1 0.5015625 0.32222222222222224 0.0609375 0.10555555555555556
1 0.37890625 0.18611111111111112 0.046875 0.058333333333333334
1 0.4734375 0.2569444444444444 0.04375 0.06111111111111111
2 0.39140625 0.2847222222222222 0.103125 0.18888888888888888
3 0.340625 0.39861111111111114 0.1 0.21388888888888888
0 0.8265625 0.4083333333333333 0.034375 0.08888888888888889
0 0.2859375 0.29444444444444445 0.028125 0.07777777777777778
