1 0.6625 0.7 0.15625 0.36944444444444446
0 0.13984375 0.7555555555555555 0.071875 0.18888888888888888
0 0.74921875 0.4152777777777778 0.0578125 0.17222222222222222
0 0.69921875 0.4861111111111111 0.046875 0.12777777777777777
0 0.66796875 0.3902777777777778 0.040625 0.1388888888888889
0 0.6703125 0.30277777777777776 0.0453125 0.1
0 0.71796875 0.2652777777777778 0.0390625 0.1
0 0.9078125 0.2916666666666667 0.065625 0.09166666666666666
0 0.62265625 0.23055555555555557 0.028125 0.07222222222222222
0 0.5828125 0.22916666666666666 0.028125 0.08888888888888889
1 0.5359375 0.2361111111111111 0.0578125 0.10277777777777777
0 0.48359375 0.24861111111111112 0.0453125 0.075
0 0.58671875 0.15833333333333333 0.0234375 0.058333333333333334
0 0.375 0.23333333333333334 0.0234375 0.06666666666666667
