1 0.628125 0.40555555555555556 0.0703125 0.12777777777777777
1 0.1046875 0.6444444444444445 0.1828125 0.32222222222222224
1 0.5265625 0.35 0.0484375 0.07777777777777778
1 0.653125 0.25555555555555554 0.0390625 0.058333333333333334
1 0.5828125 0.24166666666666667 0.0390625 0.058333333333333334
2 0.8359375 0.7472222222222222 0.3265625 0.5027777777777778
2 0.609375 0.3111111111111111 0.0515625 0.08611111111111111
3 0.534375 0.25833333333333336 0.059375 0.1111111111111111
3 0.5796875 0.19722222222222222 0.078125 0.07777777777777778
1 0.275 0.35555555555555557 0.0515625 0.1111111111111111
0 0.184375 0.3111111111111111 0.021875 0.075
