1 0.3953125 0.575 0.121875 0.26944444444444443
0 0.2421875 0.6888888888888889 0.05 0.15555555555555556
0 0.215625 0.5888888888888889 0.0265625 0.07777777777777778
0 0.2421875 0.5 0.05625 0.12777777777777777
0 0.184375 0.475 0.034375 0.10833333333333334
0 0.1578125 0.5666666666666667 0.0390625 0.09722222222222222
0 0.11875 0.6861111111111111 0.0578125 0.17222222222222222
0 0.709375 0.3388888888888889 0.025 0.08611111111111111
0 0.28125 0.4361111111111111 0.0328125 0.10555555555555556
0 0.275 0.34444444444444444 0.0203125 0.06388888888888888
0 0.3359375 0.34444444444444444 0.025 0.07222222222222222
0 0.38125 0.3138888888888889 0.0328125 0.08055555555555556
0 0.43125 0.3 0.028125 0.08611111111111111
0 0.0765625 0.39444444444444443 0.05625 0.08055555555555556
0 0.328125 0.3111111111111111 0.021875 0.06944444444444445
0 0.3875 0.24444444444444444 0.01875 0.05277777777777778
0 0.3328125 0.25 0.0140625 0.04722222222222222
0 0.3578125 0.23333333333333334 0.0140625 0.05555555555555555
