0 0.153125 0.24444444444444444 0.015625 0.05277777777777778
0 0.125 0.225 0.0171875 0.05277777777777778
0 0.790625 0.4527777777777778 0.0359375 0.09444444444444444
1 0.5671875 0.5611111111111111 0.1015625 0.20277777777777778
1 0.6578125 0.5194444444444445 0.1078125 0.14444444444444443
1 0.6375 0.9111111111111111 0.18125 0.175
1 0.6109375 0.2777777777777778 0.046875 0.05555555555555555
1 0.51875 0.3 0.04375 0.06388888888888888
1 0.5390625 0.3527777777777778 0.0484375 0.08611111111111111
1 0.6125 0.38333333333333336 0.0578125 0.09166666666666666
1 0.878125 0.9083333333333333 0.2390625 0.175
2 0.6375 0.21388888888888888 0.0484375 0.06666666666666667
3 0.259375 0.18611111111111112 0.065625 0.07222222222222222
3 0.68125 0.23055555555555557 0.0671875 0.07222222222222222
1 0.571875 0.2777777777777778 0.0484375 0.06111111111111111
