1 0.3984375 0.4166666666666667 0.065625 0.11944444444444445
0 0.2703125 0.5111111111111111 0.0453125 0.11944444444444445
0 0.2296875 0.4638888888888889 0.028125 0.10277777777777777
0 0.134375 0.5666666666666667 0.0375 0.1111111111111111
0 0.25625 0.36666666666666664 0.028125 0.075
0 0.284375 0.3888888888888889 0.025 0.08333333333333333
0 0.321875 0.35555555555555557 0.025 0.09166666666666666
0 0.3046875 0.31666666666666665 0.01875 0.07777777777777778
0 0.375 0.28888888888888886 0.0171875 0.058333333333333334
1 0.44375 0.2916666666666667 0.046875 0.09444444444444444
1 0.3265625 0.775 0.1890625 0.41388888888888886
1 0.55625 0.3111111111111111 0.0453125 0.08055555555555556
0 0.1453125 0.4777777777777778 0.0375 0.1
0 0.3484375 0.2833333333333333 0.0203125 0.05277777777777778
0 0.3375 0.24166666666666667 0.0140625 0.03888888888888889
0 0.3734375 0.25 0.0171875 0.041666666666666664
0 0.396875 0.25 0.0203125 0.058333333333333334
