1 0.328125 0.7555555555555555 0.1546875 0.32222222222222224
0 0.221875 0.44722222222222224 0.04375 0.11944444444444445
0 0.1265625 0.4222222222222222 0.078125 0.09444444444444444
1 0.615625 0.6388888888888888 0.1109375 0.2638888888888889
1 0.56875 0.37222222222222223 0.0640625 0.125
0 0.715625 0.38333333333333336 0.0375 0.10833333333333334
0 0.925 0.41388888888888886 0.05625 0.09166666666666666
0 0.790625 0.2833333333333333 0.04375 0.04722222222222222
0 0.4828125 0.2722222222222222 0.046875 0.09166666666666666
0 0.6484375 0.2222222222222222 0.01875 0.06388888888888888
0 0.625 0.20555555555555555 0.0125 0.058333333333333334
0 0.4578125 0.24444444444444444 0.0140625 0.058333333333333334
0 0.340625 0.24444444444444444 0.021875 0.06666666666666667
