0 0.7984375 0.46111111111111114 0.0359375 0.09722222222222222
0 0.171875 0.26944444444444443 0.0265625 0.058333333333333334
0 0.125 0.2388888888888889 0.0203125 0.05277777777777778
1 0.715625 0.8083333333333333 0.14375 0.2638888888888889
1 0.653125 0.4888888888888889 0.09375 0.14722222222222223
1 0.60625 0.36666666666666664 0.0453125 0.07777777777777778
1 0.65 0.2361111111111111 0.0390625 0.05
1 0.634375 0.2638888888888889 0.0328125 0.05
2 0.6046875 0.29444444444444445 0.05 0.08888888888888889
3 0.3484375 0.4111111111111111 0.1078125 0.29444444444444445
3 0.528125 0.22777777777777777 0.071875 0.13333333333333333
