1 0.6 0.6055555555555555 0.1125 0.23333333333333334
0 0.703125 0.43333333333333335 0.0859375 0.11944444444444445
3 0.56875 0.3527777777777778 0.078125 0.1527777777777778
0 0.6546875 0.28055555555555556 0.0125 0.058333333333333334
0 0.684375 0.3055555555555556 0.0234375 0.08611111111111111
0 0.31875 0.35 0.0296875 0.1
1 0.428125 0.26944444444444443 0.046875 0.08888888888888889
0 0.084375 0.4083333333333333 0.0671875 0.07222222222222222
0 0.2078125 0.2861111111111111 0.028125 0.03333333333333333
1 0.909375 0.9083333333333333 0.1765625 0.16666666666666666
0 0.74375 0.34444444444444444 0.0296875 0.09722222222222222
0 0.7109375 0.34444444444444444 0.028125 0.058333333333333334
