0 0.29765625 0.49583333333333335 0.059375 0.13055555555555556
0 0.32578125 0.3625 0.0515625 0.1388888888888889
0 0.19609375 0.3680555555555556 0.05625 0.12222222222222222
0 0.3859375 0.24305555555555555 0.0328125 0.09444444444444444
0 0.41171875 0.20972222222222223 0.034375 0.08611111111111111
1 0.61015625 0.5430555555555555 0.121875 0.20833333333333334
0 0.73359375 0.6944444444444444 0.0734375 0.1638888888888889
0 0.84921875 0.8777777777777778 0.0734375 0.18888888888888888
0 0.6828125 0.35555555555555557 0.028125 0.075
0 0.721875 0.375 0.03125 0.08333333333333333
0 0.09921875 0.7180555555555556 0.109375 0.25833333333333336
0 0.3875 0.2013888888888889 0.0234375 0.05
