1 0.57734375 0.6763888888888889 0.125 0.23333333333333334
1 0.5578125 0.23472222222222222 0.05625 0.05555555555555555
1 0.53984375 0.4041666666666667 0.065625 0.11944444444444445
2 0.86875 0.8097222222222222 0.246875 0.38055555555555554
2 0.6234375 0.38333333333333336 0.0703125 0.1361111111111111
2 0.6859375 0.9402777777777778 0.275 0.11944444444444445
3 0.709375 0.5722222222222222 0.1578125 0.24722222222222223
3 0.6171875 0.29305555555555557 0.0640625 0.09166666666666666
3 0.45859375 0.19027777777777777 0.0609375 0.075
3 0.64375 0.24166666666666667 0.065625 0.06666666666666667
