0 0.88203125 0.46944444444444444 0.034375 0.10833333333333334
1 0.44765625 0.5152777777777777 0.096875 0.17777777777777778
1 0.46875 0.3763888888888889 0.059375 0.1111111111111111
1 0.4109375 0.2972222222222222 0.0484375 0.06944444444444445
1 0.51875 0.22916666666666666 0.0578125 0.05555555555555555
1 0.1140625 0.8805555555555555 0.209375 0.1638888888888889
1 0.45234375 0.2763888888888889 0.0484375 0.075
1 0.37890625 0.26805555555555555 0.04375 0.06388888888888888
1 0.39609375 0.35555555555555557 0.0578125 0.1
1 0.3421875 0.22083333333333333 0.0390625 0.05277777777777778
1 0.45234375 0.24583333333333332 0.046875 0.06111111111111111
1 0.48828125 0.32083333333333336 0.046875 0.06666666666666667
2 0.2671875 0.5736111111111111 0.1796875 0.325
