0 0.6375 0.4125 0.0390625 0.1361111111111111
0 0.3640625 0.5027777777777778 0.0484375 0.16944444444444445
0 0.10546875 0.875 0.0984375 0.2361111111111111
0 0.1390625 0.6527777777777778 0.0734375 0.13055555555555556
0 0.0734375 0.5319444444444444 0.0765625 0.10277777777777777
0 0.190625 0.3680555555555556 0.0578125 0.058333333333333334
0 0.26796875 0.48194444444444445 0.03125 0.1
0 0.30234375 0.4777777777777778 0.0453125 0.13333333333333333
0 0.24609375 0.41944444444444445 0.0359375 0.07222222222222222
0 0.30859375 0.37916666666666665 0.0359375 0.08888888888888889
0 0.35234375 0.3263888888888889 0.0328125 0.08333333333333333
0 0.5671875 0.18888888888888888 0.021875 0.06111111111111111
0 0.22265625 0.5027777777777778 0.0359375 0.10277777777777777
0 0.33125 0.3013888888888889 0.0203125 0.06111111111111111
0 0.3828125 0.25972222222222224 0.0234375 0.06388888888888888
1 0.4140625 0.27361111111111114 0.05625 0.11388888888888889
