1 0.428125 0.3277777777777778 0.0546875 0.125
0 0.2546875 0.36666666666666664 0.0203125 0.07777777777777778
0 0.3453125 0.3416666666666667 0.03125 0.08888888888888889
0 0.1125 0.5555555555555556 0.0484375 0.11666666666666667
0 0.084375 0.7583333333333333 0.08125 0.18888888888888888
0 0.084375 0.40555555555555556 0.05 0.08888888888888889
0 0.196875 0.2777777777777778 0.0515625 0.05
1 0.6265625 0.7916666666666666 0.15625 0.3
0 0.85625 0.5333333333333333 0.0625 0.15833333333333333
1 0.7140625 0.475 0.1234375 0.20833333333333334
1 0.58125 0.5166666666666667 0.0859375 0.16111111111111112
3 0.571875 0.36666666666666664 0.08125 0.16944444444444445
1 0.6609375 0.35 0.0609375 0.09444444444444444
0 0.74375 0.3527777777777778 0.01875 0.08333333333333333
0 0.65625 0.2722222222222222 0.0265625 0.058333333333333334
0 0.6890625 0.3 0.028125 0.07777777777777778
