1 0.6234375 0.6277777777777778 0.14375 0.3
0 0.68671875 0.45416666666666666 0.0609375 0.10833333333333334
0 0.55703125 0.2916666666666667 0.0453125 0.06666666666666667
0 0.52734375 0.2625 0.040625 0.07777777777777778
0 0.89140625 0.7666666666666667 0.084375 0.17777777777777778
0 0.3765625 0.2111111111111111 0.0328125 0.08888888888888889
0 0.49609375 0.2569444444444444 0.0296875 0.07222222222222222
0 0.63125 0.35 0.03125 0.08333333333333333
0 0.65 0.2986111111111111 0.021875 0.06388888888888888
0 0.61796875 0.2777777777777778 0.0203125 0.06111111111111111
