1 0.76875 0.7555555555555555 0.1703125 0.24444444444444444
1 0.134375 0.6416666666666667 0.1421875 0.275
1 0.621875 0.5083333333333333 0.0890625 0.14166666666666666
1 0.5953125 0.35555555555555557 0.0546875 0.09166666666666666
1 0.6515625 0.2611111111111111 0.0421875 0.05277777777777778
2 0.6046875 0.2833333333333333 0.0484375 0.08055555555555556
2 0.378125 0.21388888888888888 0.125 0.09166666666666666
2 0.5171875 0.3 0.059375 0.125
2 0.565625 0.25555555555555554 0.0421875 0.06666666666666667
3 0.5171875 0.3 0.0625 0.12777777777777777
