0 0.43125 0.38333333333333336 0.021875 0.07222222222222222
1 0.728125 0.6472222222222223 0.146875 0.23055555555555557
1 0.2859375 0.6277777777777778 0.0953125 0.2
1 0.5171875 0.36666666666666664 0.053125 0.08333333333333333
1 0.5953125 0.33611111111111114 0.0515625 0.075
1 0.6265625 0.45 0.071875 0.1111111111111111
1 0.5546875 0.5194444444444445 0.1 0.18888888888888888
1 0.51875 0.3 0.04375 0.058333333333333334
1 0.61875 0.26944444444444443 0.0421875 0.05277777777777778
1 0.6671875 0.25277777777777777 0.0359375 0.04722222222222222
1 0.3453125 0.36666666666666664 0.05625 0.1111111111111111
3 0.5890625 0.2 0.1078125 0.09166666666666666
