0 0.1609375 0.28888888888888886 0.025 0.07777777777777778
0 0.34296875 0.4986111111111111 0.0375 0.11944444444444445
1 0.84296875 0.9041666666666667 0.2234375 0.19166666666666668
1 0.55078125 0.525 0.096875 0.175
1 0.6796875 0.5444444444444444 0.11875 0.2
1 0.56171875 0.2361111111111111 0.0609375 0.06111111111111111
1 0.54375 0.2833333333333333 0.0484375 0.06944444444444445
1 0.5359375 0.41388888888888886 0.0640625 0.09444444444444444
1 0.7046875 0.25833333333333336 0.0421875 0.05277777777777778
2 0.621875 0.29305555555555557 0.059375 0.1111111111111111
3 0.63984375 0.39861111111111114 0.06875 0.15
