0 0.68125 0.3333333333333333 0.025 0.08611111111111111
0 0.696875 0.3055555555555556 0.0328125 0.06944444444444445
0 0.7484375 0.35 0.0296875 0.08611111111111111
1 0.5515625 0.3194444444444444 0.0484375 0.09444444444444444
1 0.6859375 0.8416666666666667 0.178125 0.30833333333333335
0 0.2421875 0.4166666666666667 0.0359375 0.10833333333333334
0 0.34375 0.3111111111111111 0.0234375 0.07222222222222222
0 0.3546875 0.2388888888888889 0.0234375 0.06666666666666667
0 0.0796875 0.40555555555555556 0.0609375 0.07222222222222222
0 0.2109375 0.2777777777777778 0.05 0.041666666666666664
0 0.0890625 0.6638888888888889 0.0484375 0.1388888888888889
0 0.203125 0.5166666666666667 0.0375 0.10555555555555556
0 0.39375 0.225 0.0171875 0.06666666666666667
0 0.6453125 0.2388888888888889 0.028125 0.06666666666666667
0 0.5875 0.22777777777777777 0.0234375 0.06666666666666667
0 0.6109375 0.2388888888888889 0.021875 0.058333333333333334
0 0.3796875 0.21944444444444444 0.0125 0.05555555555555555
