0 0.665625 0.25972222222222224 0.0296875 0.08611111111111111
0 0.0828125 0.5958333333333333 0.0796875 0.1111111111111111
0 0.190625 0.42083333333333334 0.05 0.07777777777777778
0 0.30234375 0.39305555555555555 0.0359375 0.09444444444444444
0 0.35546875 0.3472222222222222 0.0375 0.08333333333333333
0 0.54921875 0.2916666666666667 0.04375 0.1
0 0.575 0.24583333333333332 0.025 0.06666666666666667
0 0.609375 0.2263888888888889 0.03125 0.06666666666666667
0 0.0859375 0.8416666666666667 0.084375 0.16666666666666666
0 0.19921875 0.9236111111111112 0.1078125 0.1527777777777778
0 0.653125 0.7 0.0953125 0.22777777777777777
0 0.38125 0.28888888888888886 0.0296875 0.07777777777777778
0 0.32734375 0.2777777777777778 0.021875 0.06388888888888888
0 0.34765625 0.29583333333333334 0.025 0.058333333333333334
0 0.64765625 0.20277777777777778 0.0296875 0.06944444444444445
0 0.51484375 0.23472222222222222 0.028125 0.06944444444444445
