1 0.5546875 0.375 0.06875 0.1388888888888889
0 0.6953125 0.5527777777777778 0.053125 0.12222222222222222
0 0.69375 0.7375 0.0828125 0.20277777777777778
0 0.83828125 0.5791666666666667 0.071875 0.15833333333333333
0 0.8140625 0.4486111111111111 0.0328125 0.08055555555555556
0 0.7359375 0.4125 0.03125 0.10833333333333334
0 0.684375 0.3541666666666667 0.021875 0.08055555555555556
0 0.62578125 0.3472222222222222 0.0234375 0.09166666666666666
0 0.59453125 0.2902777777777778 0.03125 0.09722222222222222
0 0.7125 0.33055555555555555 0.0359375 0.09444444444444444
0 0.91796875 0.3263888888888889 0.0671875 0.08333333333333333
0 0.88359375 0.7444444444444445 0.065625 0.20833333333333334
0 0.35625 0.3138888888888889 0.021875 0.05555555555555555
0 0.47109375 0.2652777777777778 0.025 0.07777777777777778
0 0.40859375 0.8944444444444445 0.1015625 0.2111111111111111
0 0.96640625 0.6138888888888889 0.0671875 0.24444444444444444
0 0.690625 0.45694444444444443 0.040625 0.11944444444444445
0 0.71484375 0.28194444444444444 0.01875 0.08333333333333333
0 0.6140625 0.20555555555555555 0.01875 0.05555555555555555
