1 0.31015625 0.7194444444444444 0.2203125 0.4444444444444444
1 0.5796875 0.8277777777777777 0.20625 0.34444444444444444
1 0.74453125 0.6791666666666667 0.1765625 0.29444444444444445
1 0.57578125 0.5652777777777778 0.1171875 0.21944444444444444
1 0.575 0.5611111111111111 0.1125 0.2111111111111111
3 0.5859375 0.38055555555555554 0.096875 0.20555555555555555
1 0.67890625 0.4527777777777778 0.0875 0.16944444444444445
0 0.7578125 0.4847222222222222 0.05 0.13055555555555556
0 0.10703125 0.22083333333333333 0.0875 0.13333333333333333
0 0.2453125 0.1597222222222222 0.053125 0.06666666666666667
0 0.3140625 0.24166666666666667 0.0453125 0.08888888888888889
0 0.4 0.1986111111111111 0.028125 0.06666666666666667
0 0.65703125 0.29305555555555557 0.025 0.07222222222222222
0 0.6796875 0.35 0.03125 0.06666666666666667
0 0.7109375 0.3763888888888889 0.0234375 0.058333333333333334
0 0.8625 0.7902777777777777 0.0578125 0.15555555555555556
0 0.45859375 0.2152777777777778 0.025 0.06388888888888888
0 0.40234375 0.15138888888888888 0.0203125 0.05
