0 0.37578125 0.7 0.0546875 0.18611111111111112
0 0.196875 0.7638888888888888 0.0765625 0.2611111111111111
0 0.41640625 0.5583333333333333 0.059375 0.15833333333333333
0 0.30390625 0.4013888888888889 0.0421875 0.125
0 0.2828125 0.34444444444444444 0.0359375 0.09722222222222222
3 0.70546875 0.6291666666666667 0.35 0.7222222222222222
0 0.7953125 0.4041666666666667 0.03125 0.08888888888888889
0 0.8234375 0.48333333333333334 0.0359375 0.08333333333333333
0 0.6765625 0.2722222222222222 0.028125 0.075
0 0.62421875 0.22777777777777777 0.025 0.06666666666666667
0 0.91953125 0.3680555555555556 0.06875 0.08888888888888889
0 0.7828125 0.26805555555555555 0.05 0.05277777777777778
0 0.4546875 0.33611111111111114 0.028125 0.08611111111111111
0 0.95625 0.6527777777777778 0.0671875 0.175
0 0.740625 0.3458333333333333 0.028125 0.07777777777777778
0 0.30859375 0.28888888888888886 0.021875 0.07777777777777778
