1 0.5546875 0.41388888888888886 0.0734375 0.1527777777777778
0 0.78828125 0.5152777777777777 0.0515625 0.16666666666666666
0 0.80078125 0.6986111111111111 0.075 0.1638888888888889
0 0.2078125 0.5902777777777778 0.0515625 0.11944444444444445
0 0.078125 0.42083333333333334 0.0703125 0.09166666666666666
0 0.165625 0.5069444444444444 0.0359375 0.1
0 0.24609375 0.4513888888888889 0.04375 0.1111111111111111
0 0.325 0.3416666666666667 0.0296875 0.08611111111111111
0 0.390625 0.2569444444444444 0.025 0.058333333333333334
0 0.4203125 0.24861111111111112 0.0203125 0.058333333333333334
1 0.56640625 0.2013888888888889 0.0421875 0.06666666666666667
1 0.4546875 0.25277777777777777 0.0453125 0.08611111111111111
