0 0.05546875 0.7694444444444445 0.065625 0.16944444444444445
1 0.4109375 0.875 0.196875 0.25
1 0.43984375 0.5777777777777777 0.109375 0.20277777777777778
1 0.63203125 0.16527777777777777 0.059375 0.06666666666666667
1 0.45625 0.39305555555555555 0.0671875 0.125
1 0.3703125 0.34305555555555556 0.0515625 0.08888888888888889
2 0.25625 0.65 0.2546875 0.46944444444444444
2 0.3484375 0.28194444444444444 0.071875 0.09166666666666666
3 0.84375 0.7125 0.3125 0.425
1 0.4609375 0.31527777777777777 0.0484375 0.08055555555555556
