0 0.2375 0.4305555555555556 0.05 0.10555555555555556
0 0.275 0.3888888888888889 0.0359375 0.09166666666666666
0 0.209375 0.2861111111111111 0.05 0.05
0 0.078125 0.40555555555555556 0.0609375 0.09722222222222222
0 0.4203125 0.2833333333333333 0.040625 0.08055555555555556
1 0.553125 0.28055555555555556 0.065625 0.10833333333333334
0 0.821875 0.49166666666666664 0.0359375 0.1
0 0.6984375 0.3138888888888889 0.025 0.06666666666666667
0 0.6421875 0.3 0.0296875 0.06666666666666667
0 0.659375 0.28888888888888886 0.0234375 0.06388888888888888
0 0.615625 0.2722222222222222 0.0234375 0.06388888888888888
0 0.596875 0.28055555555555556 0.021875 0.05555555555555555
0 0.496875 0.2722222222222222 0.0296875 0.075
