0 0.6921875 0.6138888888888889 0.05 0.11944444444444445
0 0.68984375 0.4708333333333333 0.0421875 0.13333333333333333
0 0.8109375 0.5513888888888889 0.046875 0.11388888888888889
0 0.6546875 0.3236111111111111 0.0265625 0.09166666666666666
0 0.63671875 0.2763888888888889 0.028125 0.08055555555555556
1 0.38828125 0.47638888888888886 0.109375 0.18333333333333332
0 0.24375 0.55 0.0609375 0.1527777777777778
0 0.1 0.6555555555555556 0.059375 0.18055555555555555
0 0.35390625 0.2569444444444444 0.021875 0.07222222222222222
0 0.31328125 0.25277777777777777 0.025 0.07777777777777778
0 0.8390625 0.9083333333333333 0.090625 0.18333333333333332
0 0.6609375 0.28194444444444444 0.01875 0.04722222222222222
