0 0.6140625 0.3402777777777778 0.0390625 0.09166666666666666
0 0.67890625 0.4166666666666667 0.0390625 0.10833333333333334
0 0.73984375 0.5375 0.0328125 0.13333333333333333
0 0.7875 0.48055555555555557 0.0625 0.12222222222222222
0 0.81796875 0.7069444444444445 0.0484375 0.15
0 0.91796875 0.3902777777777778 0.046875 0.05
0 0.284375 0.3486111111111111 0.0265625 0.07777777777777778
0 0.31015625 0.28888888888888886 0.0234375 0.08055555555555556
2 0.45625 0.2125 0.06875 0.1361111111111111
0 0.365625 0.21805555555555556 0.0140625 0.05
0 0.34140625 0.2361111111111111 0.015625 0.05555555555555555
0 0.3796875 0.1986111111111111 0.025 0.05277777777777778
0 0.64609375 0.24027777777777778 0.021875 0.08333333333333333
0 0.60546875 0.24444444444444444 0.021875 0.075
0 0.6859375 0.34444444444444444 0.0203125 0.06944444444444445
0 0.3625 0.30416666666666664 0.021875 0.07222222222222222
