3 0.3796875 0.6791666666666667 0.259375 0.5361111111111111
0 0.675 0.6958333333333333 0.06875 0.24444444444444444
0 0.77890625 0.5138888888888888 0.065625 0.18055555555555555
0 0.834375 0.4013888888888889 0.053125 0.125
0 0.765625 0.3486111111111111 0.0453125 0.11388888888888889
0 0.69609375 0.3138888888888889 0.0359375 0.09444444444444444
0 0.6359375 0.32222222222222224 0.04375 0.12777777777777777
0 0.5828125 0.40694444444444444 0.0390625 0.11388888888888889
0 0.54609375 0.3277777777777778 0.0359375 0.1
0 0.62109375 0.23333333333333334 0.021875 0.06666666666666667
0 0.603125 0.2611111111111111 0.025 0.06944444444444445
0 0.9046875 0.2625 0.0703125 0.09166666666666666
0 0.6734375 0.24861111111111112 0.0421875 0.09722222222222222
