1 0.5796875 0.4041666666666667 0.0984375 0.18333333333333332
0 0.459375 0.2916666666666667 0.0453125 0.06388888888888888
0 0.415625 0.3888888888888889 0.0515625 0.1111111111111111
0 0.90703125 0.275 0.0625 0.09166666666666666
0 0.765625 0.2111111111111111 0.0546875 0.06944444444444445
0 0.090625 0.5541666666666667 0.0609375 0.12222222222222222
0 0.9078125 0.4638888888888889 0.0609375 0.12777777777777777
0 0.796875 0.46111111111111114 0.0796875 0.11666666666666667
0 0.70703125 0.4777777777777778 0.0640625 0.13055555555555556
0 0.68828125 0.34305555555555556 0.028125 0.08611111111111111
0 0.646875 0.26944444444444443 0.03125 0.07777777777777778
0 0.6078125 0.19722222222222222 0.0390625 0.06944444444444445
0 0.928125 0.725 0.140625 0.26944444444444443
1 0.54296875 0.2861111111111111 0.0578125 0.10555555555555556
0 0.34296875 0.2625 0.0203125 0.058333333333333334
0 0.31953125 0.28888888888888886 0.0203125 0.058333333333333334
