0 0.025 0.6166666666666667 0.040625 0.1527777777777778
0 0.0796875 0.4638888888888889 0.034375 0.10555555555555556
1 0.6265625 0.9166666666666666 0.1671875 0.16111111111111112
1 0.634375 0.4222222222222222 0.0703125 0.11388888888888889
1 0.540625 0.39444444444444443 0.0546875 0.09722222222222222
1 0.59375 0.32222222222222224 0.04375 0.07222222222222222
1 0.590625 0.26666666666666666 0.04375 0.05277777777777778
2 0.8234375 0.7916666666666666 0.2625 0.41388888888888886
2 0.6734375 0.23055555555555557 0.05625 0.06388888888888888
0 0.165625 0.3611111111111111 0.0328125 0.10555555555555556
1 0.5296875 0.30277777777777776 0.0375 0.06388888888888888
