3 0.38125 0.475 0.225 0.4305555555555556
0 0.24765625 0.5666666666666667 0.0546875 0.12777777777777777
0 0.18203125 0.6958333333333333 0.059375 0.1527777777777778
0 0.83828125 0.37777777777777777 0.0578125 0.125
0 0.74296875 0.3236111111111111 0.0453125 0.11944444444444445
0 0.69375 0.28888888888888886 0.0359375 0.11388888888888889
0 0.89375 0.24444444444444444 0.071875 0.10277777777777777
0 0.5984375 0.18333333333333332 0.03125 0.06944444444444445
0 0.64296875 0.19305555555555556 0.03125 0.075
0 0.290625 0.39166666666666666 0.0296875 0.07777777777777778
