1 0.5875 0.5583333333333333 0.1015625 0.18611111111111112
1 0.6875 0.41388888888888886 0.0703125 0.14166666666666666
3 0.565625 0.3416666666666667 0.0796875 0.17777777777777778
1 0.6390625 0.8833333333333333 0.1390625 0.2222222222222222
1 0.8859375 0.8555555555555555 0.225 0.2833333333333333
0 0.653125 0.2833333333333333 0.0265625 0.06111111111111111
0 0.6703125 0.31666666666666665 0.0171875 0.05277777777777778
0 0.6859375 0.3111111111111111 0.0171875 0.058333333333333334
0 0.75 0.34444444444444444 0.034375 0.08333333333333333
1 0.428125 0.3111111111111111 0.04375 0.1111111111111111
0 0.08125 0.4027777777777778 0.0625 0.058333333333333334
0 0.20625 0.2833333333333333 0.034375 0.03888888888888889
0 0.25625 0.4388888888888889 0.034375 0.1361111111111111
0 0.384375 0.21666666666666667 0.01875 0.05555555555555555
