0 0.09296875 0.2902777777777778 0.0671875 0.10555555555555556
0 0.23359375 0.20833333333333334 0.04375 0.05555555555555555
0 0.76328125 0.475 0.0390625 0.10555555555555556
0 0.69453125 0.4305555555555556 0.0328125 0.08611111111111111
0 0.7203125 0.4263888888888889 0.0328125 0.08888888888888889
0 0.69765625 0.3388888888888889 0.034375 0.09722222222222222
0 0.6703125 0.3263888888888889 0.021875 0.06388888888888888
0 0.6515625 0.3125 0.028125 0.07222222222222222
0 0.634375 0.30416666666666664 0.0421875 0.09722222222222222
1 0.5828125 0.3125 0.071875 0.10833333333333334
0 0.3859375 0.20277777777777778 0.034375 0.07777777777777778
0 0.64296875 0.3888888888888889 0.0328125 0.09166666666666666
