0 0.71484375 0.5986111111111111 0.0515625 0.12777777777777777
0 0.79765625 0.6513888888888889 0.053125 0.1111111111111111
3 0.58515625 0.3194444444444444 0.1078125 0.21666666666666667
0 0.37265625 0.2722222222222222 0.034375 0.09444444444444444
0 0.2671875 0.425 0.0625 0.14722222222222223
0 0.2828125 0.3263888888888889 0.053125 0.09444444444444444
0 0.14296875 0.3902777777777778 0.0609375 0.13055555555555556
0 0.0890625 0.5152777777777777 0.0859375 0.1361111111111111
1 0.42421875 0.2111111111111111 0.0625 0.11388888888888889
0 0.37578125 0.19305555555555556 0.0234375 0.05555555555555555
0 0.4859375 0.23333333333333334 0.028125 0.07777777777777778
0 0.05546875 0.7069444444444445 0.096875 0.2361111111111111
