1 0.625 0.7388888888888889 0.15625 0.34444444444444444
1 0.584375 0.2833333333333333 0.05 0.08611111111111111
0 0.2546875 0.38333333333333336 0.0515625 0.08333333333333333
0 0.2578125 0.4777777777777778 0.0328125 0.11666666666666667
0 0.309375 0.29444444444444445 0.0328125 0.075
0 0.3625 0.2916666666666667 0.0171875 0.075
0 0.3890625 0.22777777777777777 0.015625 0.06388888888888888
0 0.0796875 0.3972222222222222 0.0671875 0.07222222222222222
0 0.35 0.2611111111111111 0.015625 0.07222222222222222
0 0.659375 0.225 0.01875 0.06388888888888888
0 0.625 0.21388888888888888 0.0171875 0.05
0 0.5984375 0.20555555555555555 0.015625 0.05555555555555555
