1 0.63671875 0.5944444444444444 0.1328125 0.2388888888888889
0 0.81484375 0.6583333333333333 0.08125 0.15555555555555556
0 0.78359375 0.38333333333333336 0.0484375 0.11388888888888889
0 0.6984375 0.31527777777777777 0.0390625 0.10833333333333334
0 0.73125 0.3055555555555556 0.040625 0.08888888888888889
1 0.31328125 0.6597222222222222 0.128125 0.25
0 0.2078125 0.8805555555555555 0.0703125 0.2
0 0.128125 0.7680555555555556 0.05625 0.13055555555555556
0 0.171875 0.5833333333333334 0.0390625 0.08055555555555556
0 0.25390625 0.43472222222222223 0.034375 0.08333333333333333
0 0.3203125 0.4013888888888889 0.034375 0.09444444444444444
1 0.40625 0.4027777777777778 0.0765625 0.14166666666666666
0 0.075 0.5263888888888889 0.0625 0.07777777777777778
0 0.19375 0.36944444444444446 0.04375 0.06111111111111111
0 0.29921875 0.3458333333333333 0.0265625 0.08055555555555556
1 0.375 0.30416666666666664 0.053125 0.08333333333333333
0 0.609375 0.2222222222222222 0.03125 0.08888888888888889
0 0.6515625 0.22916666666666666 0.028125 0.09166666666666666
0 0.2578125 0.5208333333333334 0.03125 0.09444444444444444
0 0.33046875 0.3055555555555556 0.0234375 0.075
0 0.3125 0.31666666666666665 0.0265625 0.075
