0 0.1734375 0.2833333333333333 0.028125 0.06666666666666667
1 0.1140625 0.6972222222222222 0.1484375 0.25277777777777777
1 0.66875 0.24166666666666667 0.0390625 0.044444444444444446
1 0.6375 0.26666666666666666 0.034375 0.05277777777777778
1 0.634375 0.2388888888888889 0.040625 0.04722222222222222
1 0.6046875 0.30833333333333335 0.046875 0.07222222222222222
2 0.7765625 0.7055555555555556 0.3828125 0.5861111111111111
2 0.5578125 0.4361111111111111 0.1234375 0.32222222222222224
3 0.5578125 0.4361111111111111 0.1234375 0.32222222222222224
0 0.2125 0.2916666666666667 0.0265625 0.07777777777777778
0 0.7515625 0.3861111111111111 0.0265625 0.08055555555555556
