0 0.19609375 0.7805555555555556 0.0453125 0.14444444444444443
0 0.26640625 0.7402777777777778 0.071875 0.16111111111111112
0 0.14140625 0.7902777777777777 0.0625 0.12777777777777777
0 0.14140625 0.5583333333333333 0.06875 0.11666666666666667
0 0.078125 0.5930555555555556 0.065625 0.125
0 0.25703125 0.43333333333333335 0.0453125 0.06944444444444445
0 0.246875 0.5 0.0421875 0.09722222222222222
0 0.5953125 0.20277777777777778 0.0296875 0.06666666666666667
0 0.6140625 0.18888888888888888 0.0296875 0.06944444444444445
0 0.55234375 0.18472222222222223 0.0265625 0.06666666666666667
