0 0.6796875 0.38055555555555554 0.0296875 0.10277777777777777
0 0.290625 0.4388888888888889 0.0375 0.11944444444444445
0 0.1859375 0.5166666666666667 0.05 0.09722222222222222
0 0.0671875 0.3972222222222222 0.0515625 0.08333333333333333
0 0.2109375 0.2777777777777778 0.0453125 0.03333333333333333
0 0.41875 0.2916666666666667 0.028125 0.06666666666666667
0 0.36875 0.2638888888888889 0.0171875 0.06388888888888888
0 0.36875 0.3472222222222222 0.0234375 0.07777777777777778
0 0.2609375 0.6138888888888889 0.0390625 0.1361111111111111
0 0.340625 0.24444444444444444 0.01875 0.06388888888888888
0 0.353125 0.3055555555555556 0.0234375 0.09444444444444444
0 0.66875 0.8694444444444445 0.0609375 0.24444444444444444
