0 0.965625 0.7652777777777777 0.034375 0.1361111111111111
1 0.20625 0.7097222222222223 0.209375 0.3388888888888889
1 0.33828125 0.4388888888888889 0.10625 0.175
1 0.74296875 0.5458333333333333 0.078125 0.14166666666666666
2 0.4046875 0.32083333333333336 0.0828125 0.15
2 0.47109375 0.4486111111111111 0.11875 0.2388888888888889
2 0.4046875 0.22361111111111112 0.046875 0.06944444444444445
2 0.840625 0.3347222222222222 0.08125 0.1111111111111111
3 0.3765625 0.14166666666666666 0.115625 0.1388888888888889
3 0.47109375 0.4486111111111111 0.1109375 0.22777777777777777
