0 0.0890625 0.31527777777777777 0.065625 0.1
0 0.228125 0.225 0.04375 0.05277777777777778
0 0.7625 0.4597222222222222 0.0375 0.10277777777777777
0 0.69296875 0.41944444444444445 0.03125 0.08611111111111111
0 0.71875 0.41388888888888886 0.0328125 0.08888888888888889
0 0.69453125 0.3263888888888889 0.0328125 0.09722222222222222
0 0.6671875 0.31527777777777777 0.021875 0.06388888888888888
0 0.64765625 0.30277777777777776 0.0265625 0.07222222222222222
0 0.63046875 0.29583333333333334 0.040625 0.09444444444444444
1 0.5796875 0.30694444444444446 0.0703125 0.10555555555555556
0 0.3796875 0.2111111111111111 0.0328125 0.07777777777777778
0 0.640625 0.37916666666666665 0.03125 0.09166666666666666
