0 0.1375 0.3972222222222222 0.05625 0.15833333333333333
0 0.10234375 0.2125 0.084375 0.1
1 0.2265625 0.4305555555555556 0.1609375 0.2777777777777778
1 0.33046875 0.5708333333333333 0.178125 0.34444444444444444
1 0.46484375 0.30416666666666664 0.0703125 0.12777777777777777
1 0.58671875 0.5013888888888889 0.109375 0.18611111111111112
1 0.365625 0.32083333333333336 0.078125 0.13333333333333333
0 0.34609375 0.21944444444444444 0.03125 0.08055555555555556
0 0.28671875 0.2875 0.0453125 0.12222222222222222
0 0.371875 0.24305555555555555 0.0234375 0.05555555555555555
1 0.44296875 0.23194444444444445 0.05 0.08333333333333333
0 0.3953125 0.225 0.0234375 0.06388888888888888
0 0.42109375 0.1986111111111111 0.021875 0.05277777777777778
