0 0.3875 0.28888888888888886 0.028125 0.06666666666666667
0 0.3296875 0.275 0.0265625 0.07777777777777778
0 0.30390625 0.3277777777777778 0.03125 0.10277777777777777
0 0.2015625 0.5402777777777777 0.046875 0.1527777777777778
0 0.62578125 0.4305555555555556 0.034375 0.11388888888888889
0 0.66640625 0.33055555555555555 0.025 0.075
0 0.728125 0.44722222222222224 0.0453125 0.07777777777777778
0 0.75625 0.6111111111111112 0.053125 0.11944444444444445
0 0.71796875 0.4986111111111111 0.040625 0.08611111111111111
0 0.65078125 0.24583333333333332 0.01875 0.058333333333333334
1 0.4703125 0.21805555555555556 0.046875 0.07777777777777778
