1 0.61015625 0.6791666666666667 0.1546875 0.2861111111111111
1 0.51796875 0.35555555555555557 0.075 0.1111111111111111
1 0.6375 0.4152777777777778 0.0890625 0.15555555555555556
1 0.52890625 0.2972222222222222 0.0640625 0.09444444444444444
1 0.58984375 0.33055555555555555 0.059375 0.09444444444444444
1 0.5421875 0.43472222222222223 0.0890625 0.16944444444444445
1 0.61640625 0.2111111111111111 0.0421875 0.058333333333333334
1 0.390625 0.25555555555555554 0.0609375 0.06944444444444445
1 0.590625 0.2652777777777778 0.0515625 0.08055555555555556
1 0.51640625 0.2569444444444444 0.053125 0.07777777777777778
2 0.85546875 0.6736111111111112 0.2890625 0.4861111111111111
2 0.68671875 0.15833333333333333 0.1265625 0.12777777777777777
