1 0.3671875 0.6944444444444444 0.153125 0.3972222222222222
0 0.3 0.38333333333333336 0.034375 0.11944444444444445
0 0.1578125 0.6388888888888888 0.0609375 0.13333333333333333
0 0.24375 0.4027777777777778 0.034375 0.125
0 0.3453125 0.3333333333333333 0.0265625 0.08888888888888889
0 0.6734375 0.3861111111111111 0.028125 0.10555555555555556
0 0.7125 0.39444444444444443 0.0265625 0.10277777777777777
0 0.7171875 0.3055555555555556 0.01875 0.058333333333333334
0 0.6 0.3 0.025 0.08611111111111111
0 0.36875 0.275 0.0296875 0.07777777777777778
0 0.3921875 0.24444444444444444 0.025 0.05555555555555555
0 0.6078125 0.21944444444444444 0.028125 0.058333333333333334
0 0.521875 0.23333333333333334 0.028125 0.07222222222222222
0 0.6328125 0.24444444444444444 0.0203125 0.06944444444444445
0 0.0765625 0.4027777777777778 0.05 0.06944444444444445
0 0.215625 0.2861111111111111 0.0546875 0.06111111111111111
0 0.309375 0.26666666666666666 0.0203125 0.07222222222222222
0 0.334375 0.28888888888888886 0.0203125 0.075
0 0.440625 0.2388888888888889 0.0296875 0.06388888888888888
