1 0.63828125 0.4847222222222222 0.1171875 0.19722222222222222
0 0.27578125 0.5708333333333333 0.059375 0.16666666666666666
0 0.1578125 0.5375 0.040625 0.13055555555555556
0 0.11328125 0.49722222222222223 0.0375 0.10555555555555556
0 0.29609375 0.35833333333333334 0.0359375 0.11944444444444445
0 0.35546875 0.24444444444444444 0.0171875 0.05277777777777778
0 0.08125 0.36666666666666664 0.0609375 0.06388888888888888
0 0.0484375 0.8083333333333333 0.0953125 0.21388888888888888
0 0.38828125 0.2611111111111111 0.0203125 0.06944444444444445
0 0.65 0.2972222222222222 0.025 0.09166666666666666
0 0.68125 0.2833333333333333 0.025 0.075
0 0.26171875 0.45 0.034375 0.12222222222222222
0 0.37265625 0.20694444444444443 0.0171875 0.06111111111111111
0 0.390625 0.18611111111111112 0.01875 0.058333333333333334
