1 0.56875 0.5569444444444445 0.09375 0.16666666666666666
1 0.52421875 0.35833333333333334 0.059375 0.10555555555555556
1 0.59296875 0.3138888888888889 0.046875 0.06666666666666667
1 0.61484375 0.37222222222222223 0.0609375 0.09444444444444444
1 0.609375 0.2722222222222222 0.0390625 0.058333333333333334
1 0.54765625 0.2625 0.0453125 0.05555555555555555
1 0.521875 0.2972222222222222 0.040625 0.05277777777777778
1 0.6828125 0.22083333333333333 0.0328125 0.044444444444444446
2 0.6828125 0.5 0.14375 0.2111111111111111
2 0.753125 0.7597222222222222 0.3609375 0.45555555555555555
3 0.62734375 0.19027777777777777 0.1140625 0.10555555555555556
1 0.21484375 0.3236111111111111 0.05625 0.09166666666666666
