0 0.74296875 0.49444444444444446 0.065625 0.15
0 0.696875 0.32222222222222224 0.0421875 0.11388888888888889
0 0.65234375 0.20416666666666666 0.0328125 0.08888888888888889
0 0.9578125 0.6791666666666667 0.078125 0.16111111111111112
0 0.2484375 0.5888888888888889 0.053125 0.14166666666666666
0 0.0796875 0.575 0.0625 0.08888888888888889
0 0.1875 0.41388888888888886 0.0515625 0.06944444444444445
1 0.5890625 0.5291666666666667 0.10625 0.19444444444444445
1 0.53671875 0.3277777777777778 0.075 0.13333333333333333
1 0.5796875 0.2222222222222222 0.0578125 0.10277777777777777
1 0.72421875 0.8180555555555555 0.1890625 0.25833333333333336
3 0.51171875 0.24444444444444444 0.065625 0.12777777777777777
0 0.6015625 0.18472222222222223 0.021875 0.058333333333333334
3 0.5109375 0.2388888888888889 0.0640625 0.12222222222222222
0 0.34921875 0.3 0.021875 0.058333333333333334
0 0.33125 0.3125 0.025 0.06944444444444445
0 0.40546875 0.30277777777777776 0.0234375 0.05555555555555555
0 0.36484375 0.2763888888888889 0.0203125 0.058333333333333334
0 0.6046875 0.30833333333333335 0.034375 0.1
