0 0.14140625 0.39444444444444443 0.028125 0.10555555555555556
1 0.534375 0.3263888888888889 0.04375 0.06944444444444445
1 0.615625 0.3680555555555556 0.059375 0.10277777777777777
1 0.67578125 0.25555555555555554 0.040625 0.044444444444444446
1 0.7109375 0.22361111111111112 0.0375 0.04722222222222222
2 0.7671875 0.6666666666666666 0.2640625 0.49444444444444446
2 0.61484375 0.2986111111111111 0.053125 0.08333333333333333
3 0.55078125 0.24583333333333332 0.059375 0.09166666666666666
3 0.6234375 0.2152777777777778 0.08125 0.08888888888888889
3 0.64609375 0.24305555555555555 0.0390625 0.075
1 0.31484375 0.26666666666666666 0.0484375 0.075
1 0.17421875 0.5763888888888888 0.1390625 0.23333333333333334
