0 0.24609375 0.5069444444444444 0.0390625 0.13055555555555556
0 0.75703125 0.44305555555555554 0.03125 0.08888888888888889
1 0.56875 0.6097222222222223 0.109375 0.20833333333333334
1 0.6625 0.8916666666666667 0.18125 0.21666666666666667
1 0.75390625 0.7069444444444445 0.1625 0.25277777777777777
1 0.53671875 0.4083333333333333 0.0625 0.12222222222222222
1 0.6390625 0.45694444444444443 0.0921875 0.14444444444444443
2 0.6453125 0.2513888888888889 0.0828125 0.10833333333333334
2 0.54765625 0.2708333333333333 0.078125 0.11944444444444445
3 0.625 0.33611111111111114 0.071875 0.12777777777777777
