0 0.7703125 0.46111111111111114 0.040625 0.13333333333333333
0 0.859375 0.6166666666666667 0.0578125 0.15
0 0.6546875 0.3472222222222222 0.0265625 0.10555555555555556
0 0.3359375 0.5166666666666667 0.0359375 0.11388888888888889
0 0.2828125 0.5388888888888889 0.034375 0.11944444444444445
0 0.184375 0.5777777777777777 0.053125 0.15
0 0.1171875 0.7416666666666667 0.05625 0.19444444444444445
0 0.05625 0.7194444444444444 0.0609375 0.16666666666666666
0 0.2328125 0.42777777777777776 0.0546875 0.09444444444444444
0 0.146875 0.5083333333333333 0.034375 0.08333333333333333
0 0.2859375 0.38333333333333336 0.0359375 0.09444444444444444
0 0.325 0.4111111111111111 0.040625 0.08888888888888889
0 0.35 0.3277777777777778 0.025 0.07777777777777778
0 0.4 0.30277777777777776 0.025 0.075
0 0.29375 0.2972222222222222 0.03125 0.06666666666666667
0 0.084375 0.4166666666666667 0.0734375 0.07222222222222222
1 0.346875 0.7694444444444445 0.1328125 0.44166666666666665
2 0.55625 0.275 0.075 0.19166666666666668
0 0.3453125 0.2722222222222222 0.01875 0.05555555555555555
1 0.846875 0.7861111111111111 0.2 0.30277777777777776
