0 0.8359375 0.8527777777777777 0.0796875 0.18055555555555555
0 0.7984375 0.6541666666666667 0.071875 0.16944444444444445
0 0.753125 0.5166666666666667 0.0546875 0.11666666666666667
0 0.92265625 0.40694444444444444 0.0625 0.07777777777777778
0 0.71328125 0.4013888888888889 0.0390625 0.12222222222222222
0 0.63203125 0.4375 0.0359375 0.12777777777777777
0 0.6671875 0.3611111111111111 0.028125 0.10277777777777777
0 0.68359375 0.2833333333333333 0.0296875 0.075
0 0.3328125 0.3 0.0234375 0.06666666666666667
0 0.39921875 0.2722222222222222 0.0234375 0.06666666666666667
0 0.42421875 0.2611111111111111 0.021875 0.06388888888888888
0 0.38046875 0.23472222222222222 0.0203125 0.05277777777777778
1 0.36796875 0.4013888888888889 0.0796875 0.14444444444444443
1 0.45625 0.33194444444444443 0.0640625 0.125
1 0.46015625 0.2569444444444444 0.05 0.07222222222222222
2 0.31484375 0.7166666666666667 0.290625 0.5611111111111111
0 0.615625 0.30416666666666664 0.0296875 0.08611111111111111
0 0.58203125 0.275 0.025 0.07222222222222222
0 0.33984375 0.2222222222222222 0.028125 0.075
1 0.428125 0.18055555555555555 0.05 0.07222222222222222
0 0.93125 0.6944444444444444 0.059375 0.19166666666666668
0 0.6890625 0.34444444444444444 0.025 0.08888888888888889
0 0.64921875 0.2569444444444444 0.0171875 0.07777777777777778
0 0.62890625 0.2263888888888889 0.0140625 0.06388888888888888
0 0.6203125 0.30694444444444446 0.025 0.07777777777777778
0 0.615625 0.17083333333333334 0.01875 0.05
0 0.60546875 0.25 0.0171875 0.06111111111111111
