0 0.5953125 0.3277777777777778 0.021875 0.06666666666666667
1 0.37734375 0.8666666666666667 0.1984375 0.26666666666666666
1 0.1859375 0.9125 0.234375 0.175
1 0.42421875 0.575 0.1 0.18611111111111112
1 0.30390625 0.65 0.1421875 0.24166666666666667
1 0.375 0.41388888888888886 0.0671875 0.1111111111111111
1 0.46875 0.3680555555555556 0.065625 0.10833333333333334
1 0.384375 0.35555555555555557 0.059375 0.08333333333333333
1 0.4515625 0.32083333333333336 0.05625 0.07777777777777778
2 0.2578125 0.275 0.08125 0.09722222222222222
2 0.3828125 0.25416666666666665 0.0953125 0.1111111111111111
3 0.3640625 0.2986111111111111 0.0734375 0.10833333333333334
