0 0.90703125 0.2972222222222222 0.0578125 0.07777777777777778
0 0.76875 0.22777777777777777 0.0640625 0.07777777777777778
1 0.415625 0.5486111111111112 0.1265625 0.2361111111111111
1 0.4 0.8166666666666667 0.178125 0.3277777777777778
1 0.28359375 0.5347222222222222 0.1390625 0.21666666666666667
0 0.24453125 0.40694444444444444 0.0328125 0.11666666666666667
1 0.340625 0.3625 0.071875 0.125
3 0.42421875 0.3819444444444444 0.09375 0.17222222222222222
0 0.32734375 0.31527777777777777 0.0296875 0.07222222222222222
0 0.41484375 0.2652777777777778 0.0390625 0.06388888888888888
0 0.3015625 0.3416666666666667 0.025 0.08055555555555556
0 0.1953125 0.5402777777777777 0.0484375 0.10555555555555556
