0 0.92734375 0.5583333333333333 0.0703125 0.09166666666666666
0 0.84140625 0.7083333333333334 0.065625 0.14444444444444443
0 0.778125 0.6083333333333333 0.0515625 0.12222222222222222
0 0.7578125 0.49166666666666664 0.04375 0.10833333333333334
1 0.7078125 0.49166666666666664 0.1046875 0.17777777777777778
1 0.5953125 0.45694444444444443 0.0984375 0.19166666666666668
1 0.63828125 0.3736111111111111 0.0703125 0.125
0 0.68984375 0.35833333333333334 0.0234375 0.06388888888888888
0 0.68046875 0.32083333333333336 0.0265625 0.05555555555555555
0 0.35546875 0.19305555555555556 0.025 0.05555555555555555
1 0.578125 0.29305555555555557 0.059375 0.11388888888888889
0 0.684375 0.2791666666666667 0.01875 0.041666666666666664
0 0.65625 0.2986111111111111 0.021875 0.05277777777777778
