0 0.64609375 0.5152777777777777 0.0515625 0.1527777777777778
0 0.1125 0.8166666666666667 0.0984375 0.21666666666666667
0 0.240625 0.5291666666666667 0.0625 0.16666666666666666
0 0.296875 0.42916666666666664 0.05 0.13055555555555556
0 0.34140625 0.3888888888888889 0.0328125 0.08055555555555556
0 0.321875 0.35694444444444445 0.040625 0.10277777777777777
0 0.37734375 0.26944444444444443 0.0265625 0.075
1 0.42109375 0.31805555555555554 0.06875 0.125
0 0.8859375 0.5277777777777778 0.0890625 0.20277777777777778
0 0.78125 0.4222222222222222 0.05 0.1388888888888889
0 0.74609375 0.3236111111111111 0.040625 0.08888888888888889
2 0.571875 0.2611111111111111 0.115625 0.225
0 0.67578125 0.2375 0.040625 0.09722222222222222
0 0.22421875 0.4236111111111111 0.0515625 0.10277777777777777
0 0.07578125 0.49166666666666664 0.0703125 0.09444444444444444
0 0.1984375 0.3472222222222222 0.05 0.06111111111111111
0 0.29375 0.3402777777777778 0.0265625 0.08055555555555556
