1 0.64140625 0.8291666666666667 0.2046875 0.3194444444444444
1 0.7234375 0.5902777777777778 0.159375 0.24722222222222223
1 0.56796875 0.5194444444444445 0.10625 0.20833333333333334
1 0.6 0.24444444444444444 0.046875 0.06388888888888888
1 0.5875 0.2902777777777778 0.05 0.07222222222222222
1 0.61796875 0.39444444444444443 0.078125 0.125
1 0.51484375 0.3472222222222222 0.0578125 0.1
1 0.64609375 0.2111111111111111 0.040625 0.04722222222222222
1 0.60078125 0.3375 0.06875 0.09444444444444444
2 0.4546875 0.2222222222222222 0.153125 0.14722222222222223
3 0.6359375 0.18055555555555555 0.0625 0.09166666666666666
