1 0.603125 0.38472222222222224 0.06875 0.125
1 0.55625 0.23333333333333334 0.0484375 0.075
1 0.3421875 0.8652777777777778 0.225 0.26944444444444443
0 0.11640625 0.7027777777777777 0.06875 0.16944444444444445
0 0.16484375 0.7486111111111111 0.0546875 0.17777777777777778
0 0.20390625 0.5444444444444444 0.0546875 0.125
0 0.24140625 0.44027777777777777 0.034375 0.08333333333333333
0 0.2875 0.3972222222222222 0.0375 0.10555555555555556
0 0.3265625 0.4444444444444444 0.0328125 0.125
0 0.33671875 0.3819444444444444 0.0375 0.09166666666666666
0 0.375 0.39166666666666666 0.0359375 0.08888888888888889
1 0.4109375 0.4444444444444444 0.084375 0.19166666666666668
0 0.07734375 0.45 0.0671875 0.09444444444444444
0 0.3 0.30972222222222223 0.0234375 0.07222222222222222
0 0.33515625 0.3125 0.028125 0.08055555555555556
0 0.36484375 0.2625 0.0265625 0.08611111111111111
0 0.390625 0.28194444444444444 0.0234375 0.075
3 0.446875 0.18194444444444444 0.0546875 0.14444444444444443
0 0.3421875 0.25 0.0171875 0.05555555555555555
0 0.36640625 0.31805555555555554 0.021875 0.06388888888888888
0 0.65078125 0.20555555555555555 0.0234375 0.07222222222222222
0 0.6296875 0.1875 0.021875 0.06944444444444445
0 0.6109375 0.18055555555555555 0.0203125 0.06666666666666667
