0 0.1328125 0.5791666666666667 0.1015625 0.2
1 0.46171875 0.2861111111111111 0.065625 0.11666666666666667
1 0.6984375 0.575 0.121875 0.21944444444444444
1 0.584375 0.4527777777777778 0.0921875 0.18055555555555555
0 0.68125 0.4236111111111111 0.03125 0.08611111111111111
0 0.721875 0.4638888888888889 0.0421875 0.09722222222222222
0 0.74921875 0.44583333333333336 0.0296875 0.075
0 0.72890625 0.3875 0.025 0.06944444444444445
0 0.8453125 0.6819444444444445 0.0640625 0.1638888888888889
0 0.92578125 0.5583333333333333 0.0625 0.08055555555555556
0 0.69375 0.3458333333333333 0.0265625 0.06111111111111111
0 0.6671875 0.3472222222222222 0.025 0.07222222222222222
1 0.628125 0.36666666666666664 0.0609375 0.1
1 0.85078125 0.8652777777777778 0.2453125 0.26944444444444443
0 0.6515625 0.3125 0.025 0.06944444444444445
