0 0.9609375 0.45694444444444443 0.075 0.17222222222222222
1 0.63515625 0.7222222222222222 0.184375 0.33055555555555555
1 0.5046875 0.3763888888888889 0.0765625 0.13055555555555556
1 0.58046875 0.34444444444444444 0.0578125 0.10555555555555556
1 0.32578125 0.2708333333333333 0.0578125 0.075
1 0.64765625 0.4388888888888889 0.084375 0.1361111111111111
1 0.5765625 0.275 0.0484375 0.07777777777777778
1 0.83203125 0.38055555555555554 0.075 0.1527777777777778
2 0.74140625 0.5388888888888889 0.2078125 0.3638888888888889
2 0.6625 0.1597222222222222 0.0484375 0.07222222222222222
2 0.58203125 0.2222222222222222 0.0609375 0.08611111111111111
3 0.5453125 0.1875 0.1 0.1361111111111111
