0 0.653125 0.8361111111111111 0.0890625 0.18055555555555555
0 0.3359375 0.5152777777777777 0.0734375 0.17222222222222222
0 0.246875 0.4652777777777778 0.0625 0.18333333333333332
0 0.06953125 0.5722222222222222 0.0734375 0.18611111111111112
0 0.26796875 0.7611111111111111 0.109375 0.2777777777777778
0 0.0859375 0.2902777777777778 0.05625 0.08055555555555556
0 0.33515625 0.24861111111111112 0.0265625 0.07777777777777778
0 0.37734375 0.2791666666666667 0.0375 0.08611111111111111
0 0.42109375 0.2361111111111111 0.046875 0.09444444444444444
0 0.62578125 0.26805555555555555 0.0203125 0.06388888888888888
0 0.69375 0.3263888888888889 0.0484375 0.1
0 0.37734375 0.21666666666666667 0.028125 0.07777777777777778
0 0.215625 0.6027777777777777 0.06875 0.16666666666666666
