0 0.81171875 0.4152777777777778 0.0453125 0.06944444444444445
0 0.92265625 0.5847222222222223 0.0734375 0.11944444444444445
0 0.82421875 0.8944444444444445 0.1140625 0.2111111111111111
0 0.7296875 0.525 0.0546875 0.13333333333333333
0 0.71328125 0.4027777777777778 0.05625 0.12222222222222222
0 0.6765625 0.38055555555555554 0.0375 0.09444444444444444
0 0.65078125 0.3458333333333333 0.034375 0.08333333333333333
1 0.5890625 0.49722222222222223 0.1203125 0.24444444444444444
0 0.240625 0.3388888888888889 0.0546875 0.125
0 0.0453125 0.43333333333333335 0.0765625 0.19444444444444445
0 0.40625 0.34444444444444444 0.0375 0.1111111111111111
0 0.39140625 0.21944444444444444 0.025 0.06944444444444445
0 0.3140625 0.23194444444444445 0.0328125 0.09444444444444444
0 0.50234375 0.24027777777777778 0.03125 0.08333333333333333
0 0.67265625 0.325 0.0265625 0.07222222222222222
0 0.64609375 0.2847222222222222 0.021875 0.058333333333333334
0 0.63203125 0.2611111111111111 0.0265625 0.058333333333333334
0 0.6640625 0.26944444444444443 0.025 0.06666666666666667
0 0.58515625 0.2625 0.0296875 0.075
0 0.41640625 0.2111111111111111 0.0265625 0.06944444444444445
