0 0.2828125 0.5222222222222223 0.04375 0.1111111111111111
0 0.6390625 0.5527777777777778 0.065625 0.17777777777777778
0 0.70859375 0.3902777777777778 0.0453125 0.11666666666666667
0 0.7359375 0.5277777777777778 0.078125 0.2
0 0.84765625 0.5236111111111111 0.0875 0.20277777777777778
0 0.7640625 0.3486111111111111 0.040625 0.1
0 0.6578125 0.3388888888888889 0.0484375 0.11388888888888889
0 0.59609375 0.3597222222222222 0.0359375 0.06666666666666667
0 0.58671875 0.3125 0.034375 0.06666666666666667
0 0.62890625 0.26805555555555555 0.0265625 0.06944444444444445
0 0.609375 0.2222222222222222 0.028125 0.06666666666666667
0 0.5484375 0.2263888888888889 0.025 0.06944444444444445
1 0.43515625 0.24305555555555555 0.046875 0.075
0 0.56796875 0.20694444444444443 0.0234375 0.06111111111111111
