1 0.80390625 0.8333333333333334 0.3421875 0.3333333333333333
0 0.72109375 0.4 0.03125 0.08333333333333333
0 0.31875 0.5972222222222222 0.0921875 0.2
0 0.28984375 0.3541666666666667 0.05 0.13055555555555556
0 0.09921875 0.23055555555555557 0.0625 0.08611111111111111
0 0.3125 0.2513888888888889 0.0421875 0.09722222222222222
0 0.43203125 0.26944444444444443 0.03125 0.06666666666666667
0 0.3890625 0.25555555555555554 0.0421875 0.08611111111111111
0 0.37421875 0.2111111111111111 0.0265625 0.06388888888888888
0 0.4203125 0.2 0.0265625 0.075
0 0.42265625 0.15416666666666667 0.0203125 0.05555555555555555
0 0.59140625 0.35 0.028125 0.07777777777777778
