0 0.7890625 0.5222222222222223 0.06875 0.1638888888888889
0 0.0859375 0.3347222222222222 0.0765625 0.10555555555555556
0 0.22109375 0.24166666666666667 0.04375 0.06111111111111111
0 0.62109375 0.30694444444444446 0.0265625 0.06388888888888888
0 0.64375 0.28194444444444444 0.03125 0.08611111111111111
0 0.61328125 0.2361111111111111 0.0296875 0.06111111111111111
0 0.70859375 0.30694444444444446 0.0296875 0.1
0 0.67734375 0.3375 0.021875 0.075
0 0.66015625 0.36944444444444446 0.0265625 0.08611111111111111
0 0.29140625 0.3972222222222222 0.053125 0.11944444444444445
