0 0.24296875 0.4361111111111111 0.0546875 0.11666666666666667
0 0.2296875 0.6694444444444444 0.0953125 0.2
0 0.68203125 0.3194444444444444 0.05 0.10555555555555556
0 0.89609375 0.26805555555555555 0.078125 0.11666666666666667
0 0.7625 0.20555555555555555 0.0515625 0.06111111111111111
0 0.66484375 0.24305555555555555 0.021875 0.06666666666666667
0 0.62109375 0.2361111111111111 0.0234375 0.06944444444444445
0 0.4125 0.4513888888888889 0.04375 0.12777777777777777
0 0.29609375 0.3472222222222222 0.040625 0.07222222222222222
0 0.359375 0.2986111111111111 0.0265625 0.08055555555555556
1 0.534375 0.2361111111111111 0.0484375 0.07777777777777778
0 0.8 0.4847222222222222 0.06875 0.16111111111111112
0 0.7 0.24583333333333332 0.03125 0.08611111111111111
0 0.640625 0.21944444444444444 0.021875 0.075
0 0.61875 0.175 0.0234375 0.06388888888888888
