1 0.41171875 0.5291666666666667 0.1140625 0.21944444444444444
1 0.45546875 0.3111111111111111 0.0765625 0.12222222222222222
0 0.21953125 0.43194444444444446 0.0671875 0.15
0 0.22265625 0.5902777777777778 0.0640625 0.20277777777777778
0 0.303125 0.28055555555555556 0.034375 0.1
0 0.27109375 0.28194444444444444 0.04375 0.11944444444444445
0 0.36328125 0.23194444444444445 0.0375 0.08333333333333333
0 0.41640625 0.24305555555555555 0.03125 0.06944444444444445
1 0.696875 0.5444444444444444 0.096875 0.19722222222222222
0 0.78828125 0.7319444444444444 0.071875 0.14166666666666666
0 0.83515625 0.675 0.0421875 0.1111111111111111
0 0.928125 0.5375 0.0640625 0.08888888888888889
0 0.809375 0.37083333333333335 0.05 0.06111111111111111
0 0.69296875 0.38055555555555554 0.0359375 0.08888888888888889
0 0.66953125 0.375 0.03125 0.08333333333333333
0 0.60703125 0.3472222222222222 0.03125 0.09166666666666666
1 0.67734375 0.9055555555555556 0.2265625 0.18888888888888888
0 0.62734375 0.2722222222222222 0.0234375 0.058333333333333334
0 0.7 0.3236111111111111 0.0265625 0.07222222222222222
0 0.6515625 0.31666666666666665 0.0296875 0.08333333333333333
0 0.81328125 0.6069444444444444 0.046875 0.13055555555555556
