0 0.1609375 0.49583333333333335 0.0609375 0.18055555555555555
0 0.271875 0.43472222222222223 0.05 0.175
0 0.27265625 0.28194444444444444 0.04375 0.11944444444444445
0 0.3453125 0.22083333333333333 0.0328125 0.08333333333333333
1 0.45625 0.22361111111111112 0.04375 0.08055555555555556
0 0.6953125 0.6125 0.0625 0.18333333333333332
0 0.72890625 0.4305555555555556 0.034375 0.09722222222222222
0 0.809375 0.5458333333333333 0.046875 0.10555555555555556
0 0.83046875 0.6569444444444444 0.0625 0.1527777777777778
0 0.89296875 0.8263888888888888 0.06875 0.14444444444444443
0 0.903125 0.9763888888888889 0.065625 0.04722222222222222
0 0.9265625 0.5375 0.0578125 0.08888888888888889
0 0.81328125 0.38055555555555554 0.0453125 0.058333333333333334
0 0.7015625 0.32083333333333336 0.0328125 0.08611111111111111
0 0.66640625 0.3888888888888889 0.028125 0.09166666666666666
1 0.6234375 0.3416666666666667 0.0609375 0.10833333333333334
0 0.7625 0.4305555555555556 0.0375 0.11388888888888889
0 0.671875 0.2722222222222222 0.0203125 0.06111111111111111
0 0.36953125 0.19722222222222222 0.025 0.06666666666666667
