0 0.2484375 0.5472222222222223 0.0546875 0.15555555555555556
0 0.1625 0.5361111111111111 0.0484375 0.14722222222222223
0 0.078125 0.39444444444444443 0.065625 0.075
0 0.2078125 0.2777777777777778 0.05625 0.06666666666666667
0 0.2984375 0.3888888888888889 0.0390625 0.13333333333333333
0 0.371875 0.4166666666666667 0.0359375 0.125
0 0.3515625 0.2916666666666667 0.0265625 0.08333333333333333
0 0.396875 0.2861111111111111 0.0375 0.08611111111111111
0 0.51875 0.2638888888888889 0.0421875 0.08333333333333333
0 0.3875 0.20277777777777778 0.0140625 0.06111111111111111
0 0.3515625 0.21666666666666667 0.0203125 0.06111111111111111
0 0.4 0.23055555555555557 0.0203125 0.058333333333333334
0 0.6609375 0.24444444444444444 0.021875 0.06388888888888888
