0 0.16484375 0.5902777777777778 0.0625 0.16944444444444445
0 0.72109375 0.3680555555555556 0.0421875 0.12222222222222222
0 0.64140625 0.31527777777777777 0.034375 0.08611111111111111
0 0.6578125 0.25833333333333336 0.0296875 0.08611111111111111
0 0.5921875 0.2833333333333333 0.03125 0.08055555555555556
0 0.90859375 0.30972222222222223 0.0734375 0.10277777777777777
0 0.375 0.28055555555555556 0.03125 0.06944444444444445
0 0.4515625 0.25833333333333336 0.0203125 0.09166666666666666
0 0.58984375 0.2263888888888889 0.034375 0.08333333333333333
0 0.61640625 0.17777777777777778 0.0203125 0.06388888888888888
