3 0.62109375 0.4486111111111111 0.109375 0.275
0 0.68125 0.35555555555555557 0.0359375 0.09722222222222222
1 0.59296875 0.25833333333333336 0.046875 0.08055555555555556
1 0.53828125 0.24305555555555555 0.0640625 0.08333333333333333
1 0.38984375 0.55 0.103125 0.23333333333333334
0 0.3015625 0.5305555555555556 0.0609375 0.15
0 0.24375 0.5222222222222223 0.0390625 0.13055555555555556
0 0.20234375 0.45416666666666666 0.04375 0.08888888888888889
0 0.12890625 0.5527777777777778 0.0484375 0.15833333333333333
0 0.16640625 0.7791666666666667 0.065625 0.18888888888888888
0 0.0578125 0.6416666666666667 0.0671875 0.16666666666666666
0 0.18515625 0.6013888888888889 0.0390625 0.12777777777777777
0 0.3796875 0.3236111111111111 0.0265625 0.07777777777777778
0 0.35703125 0.2902777777777778 0.025 0.06944444444444445
0 0.07890625 0.41805555555555557 0.0796875 0.09444444444444444
1 0.43671875 0.2375 0.040625 0.08333333333333333
0 0.3703125 0.20972222222222223 0.015625 0.05277777777777778
0 0.35703125 0.24583333333333332 0.0171875 0.05555555555555555
0 0.396875 0.21666666666666667 0.0125 0.05277777777777778
