0 0.25546875 0.7027777777777777 0.0515625 0.13055555555555556
0 0.253125 0.4625 0.040625 0.08611111111111111
0 0.79921875 0.2972222222222222 0.0546875 0.11944444444444445
0 0.68359375 0.3 0.0453125 0.1
0 0.6359375 0.35138888888888886 0.040625 0.11388888888888889
0 0.615625 0.2375 0.028125 0.07777777777777778
0 0.57578125 0.27361111111111114 0.034375 0.09166666666666666
0 0.653125 0.2263888888888889 0.0359375 0.08055555555555556
0 0.5890625 0.23055555555555557 0.0265625 0.06388888888888888
0 0.8671875 0.49166666666666664 0.084375 0.20277777777777778
0 0.54296875 0.21805555555555556 0.0265625 0.06944444444444445
0 0.396875 0.30833333333333335 0.03125 0.075
1 0.43671875 0.2708333333333333 0.05 0.08611111111111111
3 0.4078125 0.19027777777777777 0.0640625 0.125
0 0.92890625 0.6777777777777778 0.1421875 0.29444444444444445
0 0.62265625 0.2 0.021875 0.06388888888888888
0 0.4984375 0.2125 0.025 0.058333333333333334
0 0.60234375 0.18055555555555555 0.0171875 0.04722222222222222
