0 0.778125 0.3861111111111111 0.04375 0.08888888888888889
0 0.3109375 0.3 0.040625 0.08888888888888889
0 0.2625 0.35555555555555557 0.0296875 0.09722222222222222
0 0.2875 0.49444444444444446 0.0484375 0.12777777777777777
0 0.171875 0.6944444444444444 0.0734375 0.16666666666666666
1 0.6015625 0.24722222222222223 0.053125 0.075
0 0.5375 0.275 0.028125 0.06388888888888888
0 0.075 0.3972222222222222 0.0625 0.08611111111111111
2 0.4953125 0.2 0.0921875 0.11666666666666667
0 0.659375 0.2777777777777778 0.0203125 0.06111111111111111
