0 0.26015625 0.5305555555555556 0.0609375 0.13055555555555556
0 0.11796875 0.8375 0.0765625 0.18333333333333332
0 0.0734375 0.5319444444444444 0.071875 0.08055555555555556
1 0.5390625 0.3527777777777778 0.0671875 0.11666666666666667
0 0.66328125 0.36944444444444446 0.05 0.11666666666666667
0 0.6890625 0.30833333333333335 0.0484375 0.10277777777777777
0 0.8484375 0.49444444444444446 0.059375 0.16111111111111112
0 0.378125 0.35833333333333334 0.03125 0.09444444444444444
0 0.34296875 0.3541666666666667 0.0296875 0.09444444444444444
1 0.4234375 0.33194444444444443 0.06875 0.125
0 0.35703125 0.25972222222222224 0.0265625 0.08055555555555556
