2 0.62265625 0.23333333333333334 0.0875 0.1388888888888889
0 0.2484375 0.43472222222222223 0.0375 0.1388888888888889
0 0.315625 0.41944444444444445 0.040625 0.1111111111111111
0 0.36484375 0.44722222222222224 0.0421875 0.12777777777777777
0 0.075 0.4263888888888889 0.0625 0.09166666666666666
0 0.2875 0.33194444444444443 0.0203125 0.07777777777777778
0 0.3703125 0.3416666666666667 0.025 0.08055555555555556
0 0.33359375 0.3236111111111111 0.0171875 0.06666666666666667
2 0.8359375 0.6430555555555556 0.3265625 0.6861111111111111
0 0.084375 0.6541666666666667 0.0640625 0.1111111111111111
0 0.325 0.2833333333333333 0.028125 0.06388888888888888
0 0.3453125 0.2847222222222222 0.0125 0.05555555555555555
0 0.3953125 0.27361111111111114 0.01875 0.06111111111111111
0 0.3578125 0.2833333333333333 0.015625 0.06388888888888888
0 0.22109375 0.5555555555555556 0.04375 0.125
1 0.4515625 0.25833333333333336 0.0453125 0.08611111111111111
0 0.70234375 0.3125 0.021875 0.05555555555555555
0 0.5140625 0.25972222222222224 0.0234375 0.08055555555555556
