0 0.9234375 0.7263888888888889 0.1109375 0.2361111111111111
0 0.7265625 0.31666666666666665 0.0359375 0.09444444444444444
0 0.6703125 0.26666666666666666 0.0234375 0.07777777777777778
0 0.64453125 0.2569444444444444 0.021875 0.06666666666666667
0 0.5984375 0.2611111111111111 0.0234375 0.07777777777777778
0 0.62109375 0.25 0.0328125 0.07222222222222222
1 0.5484375 0.275 0.0640625 0.09722222222222222
0 0.346875 0.35138888888888886 0.0296875 0.08611111111111111
0 0.3171875 0.35 0.0359375 0.12222222222222222
0 0.2125 0.4638888888888889 0.0328125 0.09166666666666666
0 0.0734375 0.4666666666666667 0.059375 0.06666666666666667
0 0.1984375 0.3375 0.0609375 0.06388888888888888
0 0.65625 0.22777777777777777 0.015625 0.05
