0 0.75390625 0.33055555555555555 0.053125 0.12777777777777777
1 0.4046875 0.6902777777777778 0.175 0.3638888888888889
0 0.178125 0.9472222222222222 0.103125 0.10555555555555556
0 0.16171875 0.6611111111111111 0.04375 0.12222222222222222
0 0.21953125 0.6375 0.0546875 0.14444444444444443
0 0.26796875 0.6291666666666667 0.0546875 0.14166666666666666
0 0.25078125 0.5166666666666667 0.0453125 0.09166666666666666
0 0.30703125 0.5305555555555556 0.046875 0.10833333333333334
0 0.34921875 0.4736111111111111 0.05 0.11666666666666667
0 0.27734375 0.39166666666666666 0.0296875 0.06111111111111111
0 0.28828125 0.4388888888888889 0.0296875 0.06111111111111111
0 0.29765625 0.3972222222222222 0.028125 0.07222222222222222
0 0.32734375 0.41944444444444445 0.0421875 0.07777777777777778
0 0.353125 0.39166666666666666 0.0296875 0.075
0 0.34296875 0.36527777777777776 0.0328125 0.075
0 0.38125 0.3375 0.028125 0.075
1 0.4265625 0.34444444444444444 0.08125 0.13055555555555556
0 0.0765625 0.5708333333333333 0.0625 0.08055555555555556
0 0.31640625 0.3194444444444444 0.0171875 0.058333333333333334
0 0.36484375 0.2763888888888889 0.0171875 0.044444444444444446
