1 0.4265625 0.4041666666666667 0.071875 0.14722222222222223
0 0.73671875 0.3736111111111111 0.04375 0.10833333333333334
0 0.30625 0.5791666666666667 0.0625 0.1638888888888889
0 0.22890625 0.625 0.0703125 0.18055555555555555
0 0.1515625 0.5833333333333334 0.053125 0.1361111111111111
0 0.10078125 0.8611111111111112 0.08125 0.25
0 0.25078125 0.4847222222222222 0.0328125 0.09444444444444444
0 0.2640625 0.4152777777777778 0.0234375 0.06111111111111111
0 0.24921875 0.3763888888888889 0.028125 0.05
0 0.303125 0.42916666666666664 0.0328125 0.10833333333333334
0 0.32578125 0.44722222222222224 0.0390625 0.10277777777777777
0 0.33203125 0.3819444444444444 0.03125 0.07222222222222222
0 0.38203125 0.37083333333333335 0.03125 0.08611111111111111
0 0.3640625 0.2833333333333333 0.015625 0.07222222222222222
0 0.3984375 0.25 0.0203125 0.07777777777777778
0 0.31171875 0.2972222222222222 0.0171875 0.05
0 0.0796875 0.43194444444444446 0.071875 0.11388888888888889
0 0.11015625 0.725 0.0828125 0.18611111111111112
0 0.3578125 0.2611111111111111 0.015625 0.06111111111111111
0 0.325 0.3416666666666667 0.0203125 0.06666666666666667
