0 0.653125 0.28888888888888886 0.0171875 0.06111111111111111
0 0.671875 0.2722222222222222 0.025 0.07222222222222222
0 0.2625 0.4222222222222222 0.0390625 0.10277777777777777
0 0.240625 0.5 0.0359375 0.12777777777777777
0 0.2203125 0.38333333333333336 0.0296875 0.1111111111111111
0 0.303125 0.3416666666666667 0.025 0.09444444444444444
0 0.334375 0.33611111111111114 0.021875 0.07777777777777778
0 0.3640625 0.3 0.0375 0.06666666666666667
0 0.084375 0.4083333333333333 0.053125 0.08333333333333333
0 0.2 0.28055555555555556 0.0265625 0.044444444444444446
0 0.60625 0.2111111111111111 0.0171875 0.058333333333333334
0 0.628125 0.21666666666666667 0.0140625 0.05555555555555555
0 0.640625 0.24722222222222223 0.0171875 0.05277777777777778
0 0.3203125 0.2833333333333333 0.0203125 0.07222222222222222
0 0.1203125 0.35 0.0296875 0.08611111111111111
