0 0.61796875 0.5680555555555555 0.0859375 0.18055555555555555
0 0.31171875 0.38333333333333336 0.0375 0.11944444444444445
0 0.34453125 0.2972222222222222 0.0265625 0.075
0 0.31328125 0.2611111111111111 0.021875 0.08055555555555556
0 0.07578125 0.3902777777777778 0.0609375 0.08055555555555556
0 0.21953125 0.28055555555555556 0.046875 0.06388888888888888
0 0.6390625 0.30694444444444446 0.040625 0.10277777777777777
0 0.69296875 0.30277777777777776 0.0234375 0.07777777777777778
0 0.67421875 0.2638888888888889 0.0296875 0.08055555555555556
0 0.34296875 0.25277777777777777 0.025 0.06944444444444445
0 0.36953125 0.22916666666666666 0.015625 0.04722222222222222
1 0.44609375 0.2263888888888889 0.0375 0.06111111111111111
