0 0.67421875 0.41944444444444445 0.034375 0.10833333333333334
0 0.72578125 0.3375 0.040625 0.09722222222222222
0 0.7375 0.44583333333333336 0.05 0.1111111111111111
0 0.63671875 0.2638888888888889 0.034375 0.08611111111111111
0 0.58046875 0.2625 0.0296875 0.07222222222222222
0 0.43828125 0.2833333333333333 0.059375 0.1
0 0.39375 0.31527777777777777 0.03125 0.08333333333333333
3 0.421875 0.19305555555555556 0.059375 0.12222222222222222
0 0.84140625 0.4666666666666667 0.0625 0.16944444444444445
0 0.8765625 0.40694444444444444 0.05625 0.1388888888888889
0 0.59609375 0.21805555555555556 0.028125 0.075
0 0.62890625 0.19166666666666668 0.021875 0.06111111111111111
0 0.39609375 0.275 0.0265625 0.05
0 0.55234375 0.23333333333333334 0.021875 0.06388888888888888
0 0.575 0.19722222222222222 0.0234375 0.06944444444444445
