0 0.36640625 0.5458333333333333 0.0734375 0.15
0 0.890625 0.20416666666666666 0.06875 0.1
0 0.753125 0.16111111111111112 0.0625 0.08333333333333333
1 0.415625 0.31527777777777777 0.0546875 0.09722222222222222
0 0.45078125 0.3763888888888889 0.028125 0.08333333333333333
0 0.26328125 0.43472222222222223 0.0359375 0.08611111111111111
0 0.28203125 0.40555555555555556 0.028125 0.07222222222222222
0 0.3171875 0.38333333333333336 0.0296875 0.075
0 0.33984375 0.35138888888888886 0.03125 0.08055555555555556
0 0.3578125 0.33194444444444443 0.0296875 0.07777777777777778
0 0.3765625 0.3236111111111111 0.025 0.058333333333333334
0 0.31875 0.44583333333333336 0.0359375 0.08888888888888889
0 0.29765625 0.38333333333333336 0.03125 0.075
0 0.85859375 0.4527777777777778 0.078125 0.175
0 0.5828125 0.16805555555555557 0.0328125 0.07777777777777778
