0 0.76875 0.4361111111111111 0.0359375 0.1111111111111111
1 0.3828125 0.6472222222222223 0.134375 0.3111111111111111
0 0.1234375 0.8638888888888889 0.078125 0.19166666666666668
0 0.15 0.5222222222222223 0.028125 0.11388888888888889
0 0.209375 0.5222222222222223 0.0390625 0.13333333333333333
0 0.2578125 0.5333333333333333 0.0375 0.13055555555555556
0 0.2546875 0.4166666666666667 0.0328125 0.07777777777777778
0 0.3078125 0.4527777777777778 0.040625 0.10277777777777777
0 0.35625 0.41388888888888886 0.034375 0.10277777777777777
0 0.296875 0.3055555555555556 0.021875 0.05
0 0.3015625 0.35555555555555557 0.021875 0.05277777777777778
0 0.315625 0.3194444444444444 0.0203125 0.06666666666666667
0 0.3421875 0.3527777777777778 0.0328125 0.06388888888888888
0 0.3703125 0.33611111111111114 0.0203125 0.06388888888888888
0 0.3640625 0.3055555555555556 0.0234375 0.06666666666666667
0 0.4046875 0.29444444444444445 0.01875 0.06944444444444445
1 0.4484375 0.3194444444444444 0.065625 0.09444444444444444
0 0.078125 0.4 0.0546875 0.05277777777777778
0 0.34375 0.25 0.0140625 0.05555555555555555
0 0.396875 0.22777777777777777 0.0125 0.041666666666666664
