1 0.5484375 0.36666666666666664 0.071875 0.14444444444444443
0 0.69765625 0.5222222222222223 0.0578125 0.13055555555555556
0 0.7046875 0.7069444444444445 0.084375 0.20277777777777778
0 0.840625 0.5263888888888889 0.0828125 0.175
0 0.8109375 0.4 0.0390625 0.08611111111111111
0 0.73046875 0.3763888888888889 0.0421875 0.11666666666666667
0 0.6765625 0.3263888888888889 0.0296875 0.08611111111111111
0 0.61796875 0.3277777777777778 0.0328125 0.09722222222222222
0 0.584375 0.2763888888888889 0.0375 0.10277777777777777
0 0.70390625 0.2986111111111111 0.040625 0.09722222222222222
0 0.9078125 0.2625 0.06875 0.09166666666666666
0 0.89453125 0.6833333333333333 0.06875 0.20833333333333334
0 0.34765625 0.33611111111111114 0.025 0.058333333333333334
0 0.459375 0.26944444444444443 0.03125 0.08333333333333333
0 0.428125 0.8972222222222223 0.109375 0.20555555555555555
0 0.965625 0.5375 0.06875 0.24722222222222223
0 0.68828125 0.4263888888888889 0.046875 0.12222222222222222
0 0.70390625 0.25 0.0265625 0.08611111111111111
0 0.59921875 0.19027777777777777 0.021875 0.058333333333333334
