1 0.61484375 0.5375 0.115625 0.23055555555555557
1 0.2546875 0.6958333333333333 0.1578125 0.24444444444444444
0 0.234375 0.5388888888888889 0.0375 0.1111111111111111
0 0.26171875 0.4361111111111111 0.0390625 0.09444444444444444
0 0.384375 0.3611111111111111 0.028125 0.07222222222222222
1 0.40078125 0.3277777777777778 0.0578125 0.08888888888888889
1 0.3671875 0.28194444444444444 0.053125 0.07777777777777778
0 0.9140625 0.2625 0.0625 0.09166666666666666
0 0.6765625 0.3597222222222222 0.0328125 0.08611111111111111
0 0.69609375 0.33194444444444443 0.03125 0.08888888888888889
0 0.6375 0.24305555555555555 0.025 0.075
0 0.68203125 0.25972222222222224 0.025 0.06388888888888888
0 0.08984375 0.9208333333333333 0.1203125 0.15833333333333333
0 0.596875 0.22777777777777777 0.021875 0.06666666666666667
0 0.559375 0.23333333333333334 0.021875 0.06388888888888888
0 0.6296875 0.19444444444444445 0.01875 0.041666666666666664
0 0.60390625 0.20833333333333334 0.0203125 0.05277777777777778
0 0.434375 0.25277777777777777 0.0265625 0.075
0 0.45234375 0.24444444444444444 0.0203125 0.05277777777777778
