1 0.36484375 0.4791666666666667 0.109375 0.18611111111111112
1 0.4609375 0.25833333333333336 0.0546875 0.09166666666666666
2 0.45390625 0.1638888888888889 0.0921875 0.1527777777777778
1 0.6 0.6555555555555556 0.1375 0.275
1 0.5796875 0.37916666666666665 0.0921875 0.16944444444444445
0 0.77578125 0.6097222222222223 0.0453125 0.10277777777777777
0 0.72265625 0.5861111111111111 0.0546875 0.12222222222222222
0 0.7859375 0.8194444444444444 0.0859375 0.21944444444444444
0 0.9203125 0.5722222222222222 0.075 0.10833333333333334
0 0.7578125 0.49166666666666664 0.0421875 0.08611111111111111
0 0.690625 0.4125 0.0421875 0.09444444444444444
0 0.65 0.3958333333333333 0.0359375 0.08333333333333333
0 0.728125 0.41944444444444445 0.04375 0.10555555555555556
0 0.734375 0.49583333333333335 0.034375 0.09166666666666666
0 0.7125 0.6777777777777778 0.046875 0.1361111111111111
0 0.83046875 0.7833333333333333 0.0625 0.17222222222222222
0 0.69140625 0.35 0.0265625 0.06944444444444445
0 0.66484375 0.3194444444444444 0.025 0.08055555555555556
0 0.6375 0.34305555555555556 0.0265625 0.08611111111111111
0 0.61953125 0.35555555555555557 0.03125 0.08888888888888889
0 0.64296875 0.2763888888888889 0.03125 0.07777777777777778
0 0.61875 0.275 0.0234375 0.06111111111111111
0 0.384375 0.16805555555555557 0.0234375 0.06388888888888888
0 0.40703125 0.14305555555555555 0.0234375 0.06388888888888888
0 0.421875 0.1486111111111111 0.0234375 0.06111111111111111
