0 0.08125 0.4 0.053125 0.06388888888888888
0 0.2125 0.2972222222222222 0.059375 0.06388888888888888
1 0.5875 0.5277777777777778 0.1109375 0.2111111111111111
1 0.6234375 0.7888888888888889 0.15625 0.2916666666666667
1 0.7171875 0.48055555555555557 0.125 0.18888888888888888
0 0.7453125 0.34444444444444444 0.025 0.1111111111111111
1 0.646875 0.325 0.0640625 0.1111111111111111
3 0.565625 0.3638888888888889 0.0828125 0.1527777777777778
0 0.65625 0.275 0.025 0.06666666666666667
0 0.565625 0.24722222222222223 0.034375 0.05555555555555555
0 0.684375 0.29444444444444445 0.01875 0.07777777777777778
0 0.8046875 0.4638888888888889 0.040625 0.09722222222222222
