0 0.1296875 0.6430555555555556 0.0578125 0.13055555555555556
1 0.45859375 0.49583333333333335 0.0984375 0.175
1 0.4625 0.3472222222222222 0.0609375 0.1
1 0.5140625 0.21666666666666667 0.065625 0.06666666666666667
1 0.37421875 0.925 0.2046875 0.15
1 0.425 0.2722222222222222 0.0515625 0.06944444444444445
1 0.4515625 0.30416666666666664 0.05 0.06666666666666667
1 0.36796875 0.26666666666666666 0.0484375 0.06666666666666667
2 0.33359375 0.43194444444444446 0.1265625 0.25
3 0.1984375 0.7875 0.296875 0.425
