0 0.6875 0.38333333333333336 0.025 0.09166666666666666
0 0.8203125 0.4527777777777778 0.0359375 0.10277777777777777
0 0.6421875 0.24444444444444444 0.021875 0.05277777777777778
0 0.365625 0.375 0.03125 0.09444444444444444
0 0.2609375 0.4111111111111111 0.0234375 0.075
0 0.3296875 0.33055555555555555 0.03125 0.08611111111111111
0 0.3703125 0.2916666666666667 0.0140625 0.04722222222222222
0 0.0703125 0.4027777777777778 0.05625 0.058333333333333334
0 0.1375 0.5222222222222223 0.0328125 0.09166666666666666
0 0.33125 0.26666666666666666 0.015625 0.041666666666666664
3 0.2078125 0.7333333333333333 0.415625 0.5277777777777778
