0 0.3140625 0.5541666666666667 0.06875 0.2
0 0.22734375 0.36666666666666664 0.05625 0.14444444444444443
1 0.4546875 0.2861111111111111 0.0765625 0.11944444444444445
0 0.6875 0.5138888888888888 0.04375 0.12222222222222222
0 0.6546875 0.3763888888888889 0.034375 0.09444444444444444
0 0.7421875 0.5027777777777778 0.040625 0.11388888888888889
0 0.79140625 0.7486111111111111 0.071875 0.18611111111111112
0 0.915625 0.5319444444444444 0.0828125 0.09444444444444444
0 0.72109375 0.3375 0.034375 0.08888888888888889
0 0.62109375 0.31527777777777777 0.0328125 0.08333333333333333
0 0.653125 0.2833333333333333 0.03125 0.07777777777777778
0 0.77265625 0.5041666666666667 0.04375 0.12222222222222222
0 0.584375 0.2861111111111111 0.0203125 0.06666666666666667
0 0.62890625 0.2388888888888889 0.025 0.06388888888888888
0 0.4140625 0.17916666666666667 0.0296875 0.06666666666666667
0 0.43515625 0.20555555555555555 0.021875 0.06388888888888888
