3 0.5875 0.4027777777777778 0.171875 0.4638888888888889
2 0.36328125 0.5888888888888889 0.2296875 0.5083333333333333
0 0.29140625 0.49583333333333335 0.04375 0.10833333333333334
0 0.3109375 0.3875 0.04375 0.10833333333333334
0 0.3546875 0.28888888888888886 0.0203125 0.06388888888888888
0 0.8671875 0.5097222222222222 0.0515625 0.12222222222222222
0 0.8140625 0.46805555555555556 0.0515625 0.12777777777777777
0 0.68046875 0.36944444444444446 0.0390625 0.08611111111111111
0 0.671875 0.28888888888888886 0.0328125 0.07222222222222222
0 0.91953125 0.33194444444444443 0.0453125 0.06944444444444445
0 0.66875 0.23055555555555557 0.021875 0.058333333333333334
0 0.33125 0.25277777777777777 0.0171875 0.058333333333333334
0 0.3515625 0.225 0.0140625 0.04722222222222222
0 0.36640625 0.21388888888888888 0.01875 0.05277777777777778
