0 0.08828125 0.33055555555555555 0.06875 0.08611111111111111
0 0.21640625 0.2388888888888889 0.053125 0.06111111111111111
0 0.5609375 0.5319444444444444 0.04375 0.13055555555555556
1 0.71171875 0.6 0.1390625 0.2111111111111111
3 0.21875 0.5944444444444444 0.4375 0.7777777777777778
0 0.334375 0.2375 0.0359375 0.05
0 0.378125 0.23333333333333334 0.0265625 0.058333333333333334
0 0.4109375 0.2625 0.0234375 0.05555555555555555
0 0.40234375 0.18611111111111112 0.0140625 0.04722222222222222
0 0.67109375 0.26944444444444443 0.0171875 0.058333333333333334
0 0.65546875 0.27361111111111114 0.0171875 0.06666666666666667
0 0.425 0.23194444444444445 0.025 0.06111111111111111
