0 0.3375 0.4513888888888889 0.06875 0.1361111111111111
0 0.18671875 0.5208333333333334 0.0375 0.08888888888888889
0 0.07421875 0.49166666666666664 0.0703125 0.09722222222222222
0 0.1953125 0.3541666666666667 0.0484375 0.05
0 0.7109375 0.3416666666666667 0.0328125 0.10555555555555556
0 0.69453125 0.2638888888888889 0.0265625 0.058333333333333334
0 0.6421875 0.3013888888888889 0.028125 0.08611111111111111
0 0.6203125 0.3055555555555556 0.028125 0.06111111111111111
0 0.59453125 0.3416666666666667 0.0296875 0.06944444444444445
0 0.64921875 0.26805555555555555 0.021875 0.06388888888888888
0 0.2703125 0.8416666666666667 0.06875 0.2111111111111111
0 0.3328125 0.2652777777777778 0.025 0.06388888888888888
0 0.38359375 0.24583333333333332 0.025 0.08333333333333333
0 0.3578125 0.22361111111111112 0.0203125 0.058333333333333334
0 0.5546875 0.24444444444444444 0.021875 0.058333333333333334
1 0.51328125 0.19444444444444445 0.0390625 0.06388888888888888
0 0.6125 0.2125 0.015625 0.05277777777777778
0 0.65390625 0.22083333333333333 0.021875 0.06666666666666667
