0 0.82109375 0.8597222222222223 0.1046875 0.2361111111111111
0 0.8296875 0.6819444444444445 0.0765625 0.16666666666666666
0 0.8234375 0.5527777777777778 0.0796875 0.14444444444444443
0 0.73515625 0.4666666666666667 0.0515625 0.12222222222222222
0 0.62734375 0.4152777777777778 0.0515625 0.1388888888888889
0 0.66796875 0.4222222222222222 0.04375 0.11666666666666667
0 0.6953125 0.3861111111111111 0.0375 0.11388888888888889
0 0.68125 0.33611111111111114 0.028125 0.075
2 0.40078125 0.31666666666666665 0.134375 0.2861111111111111
1 0.49921875 0.21805555555555556 0.04375 0.07222222222222222
0 0.32890625 0.22361111111111112 0.0390625 0.09444444444444444
0 0.21015625 0.33611111111111114 0.0578125 0.14166666666666666
0 0.92109375 0.525 0.0765625 0.09722222222222222
0 0.80859375 0.3763888888888889 0.0484375 0.06944444444444445
0 0.64453125 0.2916666666666667 0.0234375 0.075
0 0.63828125 0.25833333333333336 0.025 0.06944444444444445
0 0.68046875 0.2777777777777778 0.0265625 0.06944444444444445
0 0.71484375 0.5708333333333333 0.0578125 0.1527777777777778
