0 0.37578125 0.3263888888888889 0.046875 0.11388888888888889
0 0.1015625 0.26944444444444443 0.0578125 0.10833333333333334
3 0.61015625 0.39444444444444443 0.1625 0.36666666666666664
1 0.67890625 0.46805555555555556 0.071875 0.13333333333333333
0 0.88046875 0.85 0.078125 0.18611111111111112
0 0.8 0.6375 0.0578125 0.1388888888888889
0 0.72734375 0.49027777777777776 0.0296875 0.08888888888888889
0 0.7640625 0.4444444444444444 0.0328125 0.09166666666666666
0 0.72734375 0.4027777777777778 0.0328125 0.07777777777777778
0 0.70546875 0.3958333333333333 0.0390625 0.09166666666666666
0 0.69296875 0.3541666666666667 0.021875 0.05555555555555555
0 0.49609375 0.24166666666666667 0.0375 0.08055555555555556
0 0.67265625 0.3333333333333333 0.028125 0.06944444444444445
