1 0.29765625 0.6361111111111111 0.1328125 0.20555555555555555
1 0.42734375 0.6791666666666667 0.115625 0.2222222222222222
1 0.46484375 0.4638888888888889 0.06875 0.12777777777777777
1 0.47421875 0.3111111111111111 0.0515625 0.08888888888888889
1 0.28671875 0.25833333333333336 0.0390625 0.05
1 0.33203125 0.2652777777777778 0.0421875 0.04722222222222222
1 0.40546875 0.3055555555555556 0.040625 0.05
1 0.3578125 0.2513888888888889 0.034375 0.041666666666666664
1 0.41328125 0.2638888888888889 0.0359375 0.044444444444444446
1 0.375 0.2833333333333333 0.0375 0.05
1 0.38984375 0.3763888888888889 0.0546875 0.09722222222222222
3 0.51171875 0.1986111111111111 0.121875 0.08333333333333333
0 0.81875 0.2611111111111111 0.03125 0.08055555555555556
