1 0.35859375 0.3638888888888889 0.084375 0.1527777777777778
0 0.43671875 0.3055555555555556 0.0359375 0.10277777777777777
0 0.29609375 0.3111111111111111 0.0265625 0.09722222222222222
0 0.40078125 0.7444444444444445 0.0625 0.18333333333333332
0 0.4515625 0.44027777777777777 0.0453125 0.12777777777777777
0 0.92421875 0.4388888888888889 0.0640625 0.08611111111111111
0 0.81171875 0.44305555555555554 0.0484375 0.10555555555555556
0 0.703125 0.40555555555555556 0.034375 0.09722222222222222
0 0.6890625 0.35694444444444445 0.021875 0.08055555555555556
0 0.653125 0.3 0.025 0.07222222222222222
0 0.52265625 0.26805555555555555 0.025 0.08055555555555556
2 0.590625 0.3972222222222222 0.11875 0.2972222222222222
0 0.63046875 0.225 0.009375 0.03888888888888889
0 0.3328125 0.22916666666666666 0.0234375 0.08055555555555556
0 0.37421875 0.19305555555555556 0.025 0.06944444444444445
