0 0.17421875 0.7819444444444444 0.0546875 0.16944444444444445
0 0.30625 0.5083333333333333 0.0578125 0.14722222222222223
0 0.23671875 0.5138888888888888 0.05 0.10555555555555556
0 0.35390625 0.3458333333333333 0.0234375 0.06944444444444445
0 0.64140625 0.34444444444444444 0.059375 0.14444444444444443
0 0.0796875 0.5513888888888889 0.0796875 0.10277777777777777
0 0.1890625 0.3958333333333333 0.053125 0.07222222222222222
0 0.56640625 0.2 0.028125 0.07222222222222222
0 0.603125 0.2111111111111111 0.03125 0.08333333333333333
0 0.68671875 0.24444444444444444 0.034375 0.09722222222222222
0 0.36328125 0.2902777777777778 0.040625 0.075
0 0.16953125 0.6638888888888889 0.053125 0.14722222222222223
