0 0.1609375 0.35555555555555557 0.0296875 0.06666666666666667
1 0.13046875 0.7791666666666667 0.171875 0.2972222222222222
1 0.65 0.20694444444444443 0.0421875 0.05
1 0.6203125 0.2388888888888889 0.0359375 0.05555555555555555
1 0.615625 0.2111111111111111 0.04375 0.05555555555555555
1 0.590625 0.2875 0.05 0.075
2 0.7828125 0.6319444444444444 0.434375 0.6916666666666667
2 0.553125 0.4236111111111111 0.1375 0.33611111111111114
3 0.553125 0.4236111111111111 0.13125 0.33055555555555555
0 0.2 0.35555555555555557 0.03125 0.08333333333333333
0 0.7421875 0.33194444444444443 0.0328125 0.08611111111111111
