0 0.90078125 0.49583333333333335 0.0625 0.175
0 0.70703125 0.2833333333333333 0.0375 0.1111111111111111
0 0.58515625 0.24166666666666667 0.03125 0.07222222222222222
1 0.5328125 0.2722222222222222 0.0671875 0.12222222222222222
0 0.29140625 0.39305555555555555 0.0359375 0.10555555555555556
0 0.075 0.5319444444444444 0.075 0.08333333333333333
0 0.19296875 0.3819444444444444 0.046875 0.058333333333333334
0 0.3671875 0.24583333333333332 0.0390625 0.07222222222222222
0 0.615625 0.24305555555555555 0.0375 0.09444444444444444
0 0.63203125 0.23333333333333334 0.0296875 0.06666666666666667
0 0.659375 0.21944444444444444 0.0296875 0.07777777777777778
0 0.6515625 0.26666666666666666 0.021875 0.07222222222222222
0 0.56328125 0.24305555555555555 0.028125 0.06944444444444445
