0 0.0109375 0.6027777777777777 0.0203125 0.1388888888888889
1 0.5875 0.6416666666666667 0.10625 0.2
1 0.6265625 0.41944444444444445 0.0640625 0.10277777777777777
1 0.5265625 0.3111111111111111 0.04375 0.06111111111111111
1 0.53125 0.38333333333333336 0.059375 0.10277777777777777
1 0.596875 0.3416666666666667 0.0421875 0.06388888888888888
1 0.54375 0.2722222222222222 0.0453125 0.05
1 0.60625 0.2916666666666667 0.0390625 0.058333333333333334
2 0.728125 0.6027777777777777 0.1609375 0.26666666666666666
2 0.784375 0.8833333333333333 0.3140625 0.22777777777777777
3 0.6359375 0.2111111111111111 0.11875 0.10277777777777777
