0 0.6953125 0.34444444444444444 0.01875 0.08055555555555556
0 0.0828125 0.4 0.0703125 0.08055555555555556
0 0.2125 0.28055555555555556 0.04375 0.058333333333333334
0 0.325 0.3055555555555556 0.025 0.08611111111111111
0 0.3828125 0.2861111111111111 0.028125 0.07222222222222222
0 0.578125 0.32222222222222224 0.03125 0.08888888888888889
0 0.609375 0.28888888888888886 0.0171875 0.06111111111111111
0 0.6453125 0.2861111111111111 0.0234375 0.058333333333333334
0 0.05 0.6388888888888888 0.065625 0.14166666666666666
0 0.140625 0.8194444444444444 0.078125 0.2222222222222222
0 0.61875 0.7638888888888888 0.06875 0.20277777777777778
0 0.415625 0.24166666666666667 0.0203125 0.06944444444444445
0 0.365625 0.20555555555555555 0.0140625 0.058333333333333334
0 0.3828125 0.23333333333333334 0.0171875 0.05277777777777778
0 0.6859375 0.28055555555555556 0.021875 0.06111111111111111
0 0.553125 0.25 0.0203125 0.06111111111111111
