0 0.196875 0.7166666666666667 0.078125 0.2111111111111111
0 0.240625 0.48333333333333334 0.046875 0.12777777777777777
0 0.0734375 0.39444444444444443 0.053125 0.06666666666666667
0 0.2125 0.28888888888888886 0.0546875 0.06944444444444445
0 0.3265625 0.25833333333333336 0.0265625 0.08333333333333333
0 0.66875 0.325 0.0265625 0.06944444444444445
0 0.7328125 0.36944444444444446 0.0296875 0.08888888888888889
3 0.4125 0.2722222222222222 0.09375 0.25
0 0.1625 0.5611111111111111 0.0515625 0.15
0 0.19375 0.45555555555555555 0.034375 0.10277777777777777
0 0.3546875 0.25833333333333336 0.015625 0.06666666666666667
