0 0.68046875 0.31527777777777777 0.0453125 0.11944444444444445
0 0.9 0.25416666666666665 0.0640625 0.09444444444444444
0 0.8 0.2013888888888889 0.0609375 0.10555555555555556
0 0.709375 0.25833333333333336 0.040625 0.09444444444444444
0 0.609375 0.23055555555555557 0.040625 0.10555555555555556
0 0.56875 0.2722222222222222 0.0484375 0.10833333333333334
0 0.37109375 0.30972222222222223 0.0265625 0.075
0 0.34765625 0.31805555555555554 0.025 0.06111111111111111
0 0.32890625 0.3333333333333333 0.028125 0.06388888888888888
0 0.31171875 0.3194444444444444 0.0296875 0.06944444444444445
0 0.296875 0.3638888888888889 0.0328125 0.08333333333333333
0 0.24296875 0.4638888888888889 0.0625 0.10833333333333334
1 0.41875 0.30972222222222223 0.059375 0.10833333333333334
