0 0.653125 0.425 0.0484375 0.13055555555555556
0 0.62421875 0.2972222222222222 0.0375 0.1
0 0.52109375 0.2875 0.0265625 0.08888888888888889
0 0.31953125 0.43333333333333335 0.0421875 0.09444444444444444
0 0.07421875 0.5055555555555555 0.075 0.09166666666666666
0 0.953125 0.6638888888888889 0.09375 0.2111111111111111
0 0.246875 0.5513888888888889 0.0421875 0.1361111111111111
0 0.4828125 0.25972222222222224 0.034375 0.075
0 0.5875 0.5111111111111111 0.046875 0.1388888888888889
0 0.6609375 0.5180555555555556 0.0484375 0.12777777777777777
