1 0.603125 0.6777777777777778 0.1328125 0.25555555555555554
1 0.721875 0.4777777777777778 0.0859375 0.1527777777777778
3 0.5640625 0.35 0.0671875 0.18888888888888888
0 0.6546875 0.2777777777777778 0.025 0.08888888888888889
0 0.6828125 0.3194444444444444 0.0296875 0.10833333333333334
0 0.746875 0.36944444444444446 0.03125 0.1111111111111111
0 0.3640625 0.3055555555555556 0.025 0.08333333333333333
1 0.4328125 0.2361111111111111 0.0421875 0.075
0 0.078125 0.4 0.0546875 0.06666666666666667
0 0.2078125 0.28888888888888886 0.053125 0.06111111111111111
0 0.771875 0.42777777777777776 0.0296875 0.09444444444444444
