0 0.62890625 0.43333333333333335 0.040625 0.10555555555555556
1 0.27421875 0.4930555555555556 0.1203125 0.2
0 0.303125 0.6083333333333333 0.0484375 0.14722222222222223
0 0.28359375 0.3736111111111111 0.0328125 0.08888888888888889
0 0.31796875 0.31527777777777777 0.03125 0.09722222222222222
0 0.3765625 0.26944444444444443 0.03125 0.06388888888888888
2 0.45859375 0.2625 0.084375 0.16666666666666666
0 0.69453125 0.49166666666666664 0.0546875 0.15
0 0.703125 0.39444444444444443 0.0390625 0.09166666666666666
0 0.65703125 0.30694444444444446 0.028125 0.075
0 0.61328125 0.3 0.0265625 0.09444444444444444
0 0.75390625 0.4027777777777778 0.034375 0.09166666666666666
0 0.8640625 0.6513888888888889 0.053125 0.15555555555555556
0 0.771875 0.6819444444444445 0.0515625 0.13333333333333333
0 0.77578125 0.5430555555555555 0.040625 0.1111111111111111
0 0.921875 0.4625 0.0671875 0.08333333333333333
0 0.6515625 0.25 0.021875 0.06944444444444445
