0 0.90546875 0.2708333333333333 0.0796875 0.11944444444444445
0 0.76640625 0.19583333333333333 0.0421875 0.058333333333333334
1 0.6125 0.5013888888888889 0.1515625 0.3
0 0.2453125 0.4583333333333333 0.0484375 0.10555555555555556
0 0.346875 0.34444444444444444 0.03125 0.08333333333333333
0 0.61015625 0.2513888888888889 0.0296875 0.08333333333333333
1 0.5453125 0.2861111111111111 0.0640625 0.11388888888888889
0 0.8296875 0.4666666666666667 0.0609375 0.16666666666666666
0 0.70234375 0.2652777777777778 0.034375 0.09166666666666666
0 0.45390625 0.2777777777777778 0.05625 0.08333333333333333
0 0.6046875 0.16527777777777777 0.0203125 0.058333333333333334
0 0.5734375 0.22083333333333333 0.021875 0.06666666666666667
0 0.57734375 0.1875 0.015625 0.04722222222222222
0 0.3765625 0.24861111111111112 0.028125 0.07222222222222222
