0 0.67578125 0.6625 0.0859375 0.20277777777777778
1 0.740625 0.45 0.1484375 0.25555555555555554
0 0.73203125 0.3111111111111111 0.0296875 0.08611111111111111
0 0.696875 0.31805555555555554 0.0296875 0.06944444444444445
0 0.6859375 0.24166666666666667 0.0328125 0.08055555555555556
0 0.65859375 0.25833333333333336 0.0296875 0.075
0 0.60234375 0.25972222222222224 0.025 0.075
0 0.57734375 0.31527777777777777 0.0359375 0.08888888888888889
0 0.57109375 0.24305555555555555 0.03125 0.09166666666666666
0 0.3484375 0.3013888888888889 0.0203125 0.06666666666666667
0 0.39140625 0.25277777777777777 0.0234375 0.058333333333333334
0 0.92890625 0.8222222222222222 0.096875 0.2111111111111111
0 0.60625 0.2013888888888889 0.0234375 0.06111111111111111
