0 0.07109375 0.48333333333333334 0.0796875 0.16944444444444445
0 0.36328125 0.4 0.0484375 0.11944444444444445
0 0.35390625 0.3638888888888889 0.0359375 0.09166666666666666
0 0.24765625 0.38333333333333336 0.053125 0.1111111111111111
0 0.27890625 0.30277777777777776 0.0453125 0.09444444444444444
0 0.3359375 0.2847222222222222 0.0359375 0.1
0 0.41796875 0.24861111111111112 0.025 0.06944444444444445
0 0.703125 0.5125 0.05625 0.14166666666666666
0 0.625 0.4305555555555556 0.04375 0.1
0 0.75 0.4125 0.0328125 0.08611111111111111
0 0.9203125 0.5222222222222223 0.0796875 0.09722222222222222
0 0.80703125 0.37777777777777777 0.046875 0.07222222222222222
1 0.48515625 0.20833333333333334 0.0546875 0.07777777777777778
0 0.6203125 0.32083333333333336 0.0359375 0.09166666666666666
0 0.38984375 0.24166666666666667 0.0234375 0.06944444444444445
0 0.3765625 0.21805555555555556 0.0234375 0.058333333333333334
0 0.66328125 0.24722222222222223 0.0234375 0.06111111111111111
0 0.34921875 0.20416666666666666 0.0234375 0.06388888888888888
