1 0.575 0.39444444444444443 0.08125 0.13333333333333333
1 0.39453125 0.5208333333333334 0.1125 0.225
0 0.128125 0.7888888888888889 0.0875 0.2
0 0.2875 0.5222222222222223 0.0578125 0.10833333333333334
0 0.3296875 0.425 0.046875 0.08333333333333333
0 0.27578125 0.4013888888888889 0.03125 0.08888888888888889
0 0.2296875 0.4361111111111111 0.034375 0.08333333333333333
0 0.07265625 0.5055555555555555 0.059375 0.08888888888888889
0 0.29140625 0.35555555555555557 0.0265625 0.058333333333333334
0 0.33671875 0.3277777777777778 0.01875 0.05
1 0.4 0.3486111111111111 0.0578125 0.09722222222222222
1 0.43671875 0.25833333333333336 0.0453125 0.07777777777777778
0 0.22265625 0.5013888888888889 0.028125 0.09444444444444444
0 0.31171875 0.3541666666666667 0.021875 0.06944444444444445
0 0.3453125 0.2777777777777778 0.0203125 0.05555555555555555
0 0.36328125 0.2513888888888889 0.0140625 0.05277777777777778
0 0.31640625 0.29583333333333334 0.025 0.06388888888888888
