1 0.6234375 0.4777777777777778 0.0796875 0.125
1 0.56875 0.3277777777777778 0.06875 0.11388888888888889
0 0.340625 0.5 0.0390625 0.12777777777777777
0 0.3078125 0.4361111111111111 0.0296875 0.1111111111111111
0 0.2421875 0.4 0.021875 0.07777777777777778
0 0.321875 0.3527777777777778 0.025 0.07777777777777778
0 0.3671875 0.4 0.04375 0.11388888888888889
0 0.2359375 0.6611111111111111 0.0453125 0.1527777777777778
0 0.209375 0.5638888888888889 0.046875 0.1361111111111111
0 0.078125 0.4111111111111111 0.0640625 0.06944444444444445
0 0.33125 0.2638888888888889 0.0203125 0.07222222222222222
0 0.3578125 0.26944444444444443 0.0203125 0.09166666666666666
0 0.3875 0.25555555555555554 0.0203125 0.05555555555555555
0 0.1171875 0.7444444444444445 0.0671875 0.19444444444444445
0 0.3890625 0.21388888888888888 0.015625 0.05
0 0.4046875 0.21388888888888888 0.0140625 0.05277777777777778
0 0.3734375 0.20555555555555555 0.0171875 0.05277777777777778
0 0.3765625 0.30277777777777776 0.0234375 0.06666666666666667
0 0.615625 0.26666666666666666 0.0171875 0.06111111111111111
