1 0.37734375 0.43333333333333335 0.078125 0.12777777777777777
1 0.41953125 0.3263888888888889 0.059375 0.11944444444444445
0 0.6609375 0.3875 0.0390625 0.11388888888888889
0 0.75703125 0.4388888888888889 0.053125 0.15833333333333333
0 0.83203125 0.6402777777777777 0.090625 0.16944444444444445
0 0.884375 0.48194444444444445 0.06875 0.15
0 0.915625 0.2791666666666667 0.0640625 0.08611111111111111
0 0.61484375 0.29305555555555557 0.0359375 0.08333333333333333
0 0.665625 0.29583333333333334 0.0296875 0.08611111111111111
0 0.6796875 0.2638888888888889 0.03125 0.08888888888888889
0 0.57421875 0.23194444444444445 0.03125 0.07777777777777778
0 0.73515625 0.6138888888888889 0.078125 0.2388888888888889
0 0.6375 0.21388888888888888 0.025 0.075
0 0.61875 0.20277777777777778 0.0203125 0.06666666666666667
0 0.6046875 0.21805555555555556 0.025 0.06944444444444445
1 0.51875 0.23055555555555557 0.0484375 0.09444444444444444
