3 0.9703125 0.7930555555555555 0.059375 0.35833333333333334
3 0.46171875 0.2861111111111111 0.0640625 0.125
1 0.4328125 0.5708333333333333 0.1265625 0.20555555555555555
1 0.34296875 0.8361111111111111 0.1984375 0.3277777777777778
1 0.128125 0.8763888888888889 0.24375 0.24722222222222223
1 0.471875 0.35694444444444445 0.04375 0.06944444444444445
3 0.7671875 0.7277777777777777 0.2625 0.5277777777777778
0 0.2390625 0.4388888888888889 0.0296875 0.08333333333333333
2 0.3203125 0.5166666666666667 0.121875 0.21666666666666667
3 0.375 0.35 0.065625 0.12777777777777777
