3 0.5625 0.2916666666666667 0.1171875 0.28055555555555556
0 0.3078125 0.3541666666666667 0.03125 0.10277777777777777
0 0.2109375 0.5916666666666667 0.0515625 0.13055555555555556
0 0.33359375 0.24444444444444444 0.0171875 0.06111111111111111
1 0.4140625 0.2263888888888889 0.059375 0.08055555555555556
0 0.84375 0.5930555555555556 0.0625 0.15833333333333333
0 0.7765625 0.6041666666666666 0.0578125 0.15
0 0.9546875 0.5861111111111111 0.059375 0.13055555555555556
0 0.77421875 0.3819444444444444 0.0375 0.09444444444444444
0 0.73671875 0.3819444444444444 0.034375 0.07777777777777778
0 0.6375 0.2875 0.0234375 0.07222222222222222
0 0.9171875 0.35833333333333334 0.0640625 0.09722222222222222
2 0.2953125 0.7833333333333333 0.253125 0.43333333333333335
0 0.6515625 0.21944444444444444 0.0203125 0.06388888888888888
0 0.63046875 0.22777777777777777 0.0171875 0.04722222222222222
0 0.6140625 0.2125 0.015625 0.06111111111111111
0 0.3515625 0.22361111111111112 0.0171875 0.06111111111111111
0 0.36953125 0.2125 0.015625 0.06111111111111111
