0 0.64609375 0.6444444444444445 0.06875 0.19444444444444445
0 0.828125 0.6361111111111111 0.1046875 0.28055555555555556
0 0.58828125 0.5236111111111111 0.0703125 0.16944444444444445
0 0.678125 0.325 0.0546875 0.13333333333333333
0 0.6921875 0.2611111111111111 0.0453125 0.10833333333333334
3 0.31484375 0.6430555555555556 0.4328125 0.7138888888888889
0 0.2 0.525 0.0390625 0.09444444444444444
0 0.1828125 0.6125 0.0453125 0.09444444444444444
0 0.2984375 0.3486111111111111 0.03125 0.07777777777777778
0 0.34453125 0.2847222222222222 0.0296875 0.07222222222222222
0 0.07421875 0.5388888888888889 0.0734375 0.09722222222222222
0 0.19453125 0.3875 0.053125 0.06666666666666667
0 0.5234375 0.32222222222222224 0.0328125 0.08888888888888889
0 0.07421875 0.8305555555555556 0.0796875 0.18888888888888888
0 0.24609375 0.44583333333333336 0.0359375 0.08333333333333333
0 0.66015625 0.21805555555555556 0.025 0.08055555555555556
