0 0.140625 0.40555555555555556 0.021875 0.09166666666666666
0 0.0125 0.575 0.025 0.14722222222222223
1 0.6140625 0.8638888888888889 0.1640625 0.26944444444444443
1 0.534375 0.36944444444444446 0.0484375 0.08333333333333333
1 0.625 0.3972222222222222 0.05625 0.09166666666666666
1 0.59375 0.3111111111111111 0.0421875 0.06388888888888888
1 0.534375 0.3277777777777778 0.040625 0.06111111111111111
1 0.59375 0.2638888888888889 0.0453125 0.05555555555555555
1 0.534375 0.29444444444444445 0.046875 0.058333333333333334
2 0.784375 0.7416666666666667 0.228125 0.4027777777777778
2 0.6828125 0.23055555555555557 0.05625 0.058333333333333334
