3 0.61484375 0.44166666666666665 0.2046875 0.4527777777777778
0 0.79765625 0.49583333333333335 0.04375 0.1361111111111111
0 0.93515625 0.6986111111111111 0.065625 0.1638888888888889
0 0.72890625 0.4708333333333333 0.0421875 0.1388888888888889
0 0.7140625 0.3625 0.0375 0.09166666666666666
0 0.690625 0.2875 0.0265625 0.06388888888888888
1 0.53203125 0.3125 0.0421875 0.08611111111111111
0 0.2375 0.43194444444444446 0.0453125 0.10555555555555556
0 0.18125 0.5625 0.0390625 0.08611111111111111
0 0.278125 0.3638888888888889 0.0453125 0.11388888888888889
0 0.31640625 0.33055555555555555 0.0234375 0.075
0 0.06875 0.4527777777777778 0.0609375 0.09166666666666666
0 0.35625 0.22777777777777777 0.025 0.09444444444444444
