1 0.2515625 0.7388888888888889 0.1609375 0.2611111111111111
1 0.46875 0.44305555555555554 0.071875 0.11666666666666667
1 0.47421875 0.3638888888888889 0.0484375 0.06388888888888888
1 0.46640625 0.2875 0.04375 0.06388888888888888
1 0.3953125 0.32083333333333336 0.0390625 0.06666666666666667
1 0.29140625 0.2708333333333333 0.0359375 0.05277777777777778
1 0.5140625 0.21388888888888888 0.05625 0.05277777777777778
2 0.359375 0.45555555555555555 0.1078125 0.175
2 0.40078125 0.2986111111111111 0.046875 0.09166666666666666
3 0.41875 0.6972222222222222 0.1796875 0.41388888888888886
3 0.3515625 0.225 0.121875 0.1388888888888889
