1 0.60625 0.39444444444444443 0.065625 0.11944444444444445
1 0.5640625 0.2388888888888889 0.046875 0.06944444444444445
1 0.33125 0.8611111111111112 0.2171875 0.2722222222222222
0 0.1109375 0.6666666666666666 0.0640625 0.1638888888888889
0 0.1578125 0.7166666666666667 0.05 0.17222222222222222
0 0.203125 0.5166666666666667 0.0515625 0.11944444444444445
0 0.24375 0.4166666666666667 0.0328125 0.08055555555555556
0 0.290625 0.37777777777777777 0.034375 0.10277777777777777
0 0.328125 0.42777777777777776 0.0296875 0.12222222222222222
0 0.340625 0.36666666666666664 0.034375 0.08888888888888889
0 0.378125 0.38055555555555554 0.0328125 0.08611111111111111
1 0.4125 0.4361111111111111 0.0796875 0.18333333333333332
0 0.0796875 0.4111111111111111 0.0640625 0.08888888888888889
0 0.30625 0.2916666666666667 0.021875 0.06944444444444445
0 0.340625 0.2972222222222222 0.0265625 0.07777777777777778
0 0.371875 0.25 0.0234375 0.08333333333333333
0 0.396875 0.2722222222222222 0.021875 0.07222222222222222
3 0.45625 0.17777777777777778 0.05 0.1388888888888889
0 0.35 0.2361111111111111 0.015625 0.05555555555555555
0 0.371875 0.3055555555555556 0.0203125 0.06111111111111111
0 0.659375 0.21944444444444444 0.021875 0.06944444444444445
0 0.6390625 0.2 0.0203125 0.06666666666666667
0 0.6203125 0.19166666666666668 0.01875 0.06388888888888888
