0 0.1125 0.625 0.0546875 0.1388888888888889
1 0.60390625 0.3611111111111111 0.0796875 0.1361111111111111
1 0.49921875 0.22083333333333333 0.0640625 0.07777777777777778
1 0.603125 0.22083333333333333 0.0453125 0.06111111111111111
1 0.1203125 0.8472222222222222 0.19375 0.3055555555555556
1 0.54609375 0.22777777777777777 0.0484375 0.06388888888888888
1 0.646875 0.175 0.046875 0.06666666666666667
2 0.6296875 0.6805555555555556 0.2328125 0.45
2 0.884375 0.6972222222222222 0.23125 0.37777777777777777
2 0.58125 0.2847222222222222 0.06875 0.11388888888888889
1 0.490625 0.28194444444444444 0.04375 0.075
1 0.5 0.3402777777777778 0.059375 0.10277777777777777
0 0.6828125 0.24027777777777778 0.0265625 0.06944444444444445
