1 0.6453125 0.37777777777777777 0.0828125 0.1527777777777778
0 0.56875 0.3111111111111111 0.034375 0.1
0 0.709375 0.33055555555555555 0.021875 0.09444444444444444
0 0.5921875 0.7527777777777778 0.0640625 0.18611111111111112
0 0.55 0.4444444444444444 0.0390625 0.12222222222222222
0 0.078125 0.4 0.0625 0.08055555555555556
0 0.190625 0.41388888888888886 0.0421875 0.1
0 0.3 0.3861111111111111 0.0296875 0.09166666666666666
0 0.315625 0.3388888888888889 0.021875 0.07777777777777778
0 0.353125 0.2861111111111111 0.021875 0.06944444444444445
0 0.484375 0.26666666666666666 0.025 0.08055555555555556
2 0.4125 0.3888888888888889 0.1171875 0.2916666666666667
0 0.378125 0.21388888888888888 0.009375 0.03888888888888889
0 0.675 0.24444444444444444 0.0203125 0.075
0 0.634375 0.20555555555555555 0.0203125 0.06388888888888888
