1 0.36796875 0.5583333333333333 0.096875 0.1638888888888889
1 0.41875 0.29444444444444445 0.046875 0.075
2 0.39453125 0.20972222222222223 0.08125 0.13333333333333333
1 0.6234375 0.5888888888888889 0.128125 0.2611111111111111
1 0.553125 0.3388888888888889 0.084375 0.15555555555555556
0 0.78125 0.4444444444444444 0.0421875 0.1
0 0.7265625 0.4513888888888889 0.0484375 0.11666666666666667
0 0.82890625 0.6375 0.06875 0.20555555555555555
0 0.9109375 0.325 0.075 0.10833333333333334
0 0.7421875 0.34305555555555556 0.0375 0.08055555555555556
0 0.66484375 0.30694444444444446 0.034375 0.08888888888888889
0 0.62265625 0.31527777777777777 0.03125 0.08055555555555556
0 0.7015625 0.2916666666666667 0.0390625 0.10277777777777777
0 0.72109375 0.3611111111111111 0.03125 0.08888888888888889
0 0.73359375 0.5458333333333333 0.046875 0.1361111111111111
0 0.8640625 0.5777777777777777 0.05 0.16111111111111112
0 0.653125 0.24861111111111112 0.0203125 0.06388888888888888
0 0.62265625 0.23472222222222222 0.021875 0.07777777777777778
0 0.6015625 0.2722222222222222 0.0203125 0.08055555555555556
0 0.58671875 0.29444444444444445 0.0265625 0.08611111111111111
0 0.59453125 0.20555555555555555 0.021875 0.06944444444444445
0 0.57109375 0.21805555555555556 0.01875 0.058333333333333334
0 0.3296875 0.25277777777777777 0.021875 0.06111111111111111
0 0.346875 0.2152777777777778 0.0234375 0.06388888888888888
0 0.36171875 0.2125 0.0203125 0.058333333333333334
