3 0.62265625 0.6486111111111111 0.2046875 0.5027777777777778
0 0.75 0.45555555555555555 0.04375 0.11666666666666667
0 0.71953125 0.38055555555555554 0.0265625 0.06944444444444445
0 0.69296875 0.4166666666666667 0.0390625 0.09722222222222222
0 0.67578125 0.3527777777777778 0.0234375 0.07222222222222222
0 0.6359375 0.3375 0.025 0.075
0 0.2609375 0.3277777777777778 0.0375 0.09166666666666666
0 0.39375 0.4486111111111111 0.0421875 0.10833333333333334
0 0.83671875 0.7888888888888889 0.06875 0.18055555555555555
0 0.771875 0.8319444444444445 0.08125 0.21666666666666667
0 0.85546875 0.6791666666666667 0.0484375 0.09166666666666666
0 0.71640625 0.5597222222222222 0.04375 0.13333333333333333
1 0.57578125 0.2611111111111111 0.0453125 0.08888888888888889
0 0.6453125 0.28055555555555556 0.0171875 0.03888888888888889
