0 0.840625 0.48333333333333334 0.03125 0.08055555555555556
1 0.11171875 0.6958333333333333 0.2234375 0.3416666666666667
1 0.3234375 0.7805555555555556 0.21875 0.3638888888888889
1 0.32109375 0.5472222222222223 0.125 0.2222222222222222
1 0.39140625 0.3625 0.09375 0.15555555555555556
1 0.42890625 0.29583333333333334 0.05625 0.09166666666666666
1 0.37109375 0.15416666666666667 0.04375 0.058333333333333334
1 0.39765625 0.19305555555555556 0.040625 0.05555555555555555
2 0.42421875 0.22777777777777777 0.0578125 0.08888888888888889
3 0.7171875 0.7055555555555556 0.4125 0.5888888888888889
3 0.50234375 0.20694444444444443 0.0953125 0.14444444444444443
