0 0.6953125 0.3972222222222222 0.0546875 0.15833333333333333
0 0.7421875 0.31527777777777777 0.05625 0.14722222222222223
0 0.68515625 0.31805555555555554 0.046875 0.09444444444444444
0 0.6640625 0.2222222222222222 0.03125 0.08055555555555556
0 0.628125 0.2388888888888889 0.0328125 0.075
0 0.58515625 0.23055555555555557 0.034375 0.06944444444444445
0 0.60234375 0.2986111111111111 0.034375 0.07222222222222222
1 0.540625 0.30694444444444446 0.078125 0.12222222222222222
0 0.30078125 0.4625 0.046875 0.11666666666666667
0 0.3140625 0.5958333333333333 0.0484375 0.14166666666666666
0 0.25390625 0.6527777777777778 0.065625 0.15
0 0.20546875 0.5805555555555556 0.0515625 0.1
0 0.340625 0.2625 0.025 0.075
0 0.0796875 0.5611111111111111 0.071875 0.10555555555555556
0 0.1953125 0.4111111111111111 0.0546875 0.075
0 0.46171875 0.2388888888888889 0.0296875 0.075
