1 0.55625 0.5444444444444444 0.0859375 0.16111111111111112
1 0.6109375 0.8111111111111111 0.1625 0.33055555555555555
1 0.853125 0.8666666666666667 0.2609375 0.25833333333333336
1 0.51875 0.22777777777777777 0.0578125 0.05277777777777778
1 0.515625 0.325 0.053125 0.09166666666666666
1 0.65 0.22777777777777777 0.0421875 0.03888888888888889
1 0.55 0.26944444444444443 0.040625 0.05555555555555555
2 0.628125 0.32222222222222224 0.0921875 0.16944444444444445
3 0.6671875 0.45 0.0765625 0.18333333333333332
0 0.1875 0.30833333333333335 0.028125 0.08333333333333333
0 0.73125 0.3638888888888889 0.0203125 0.06944444444444445
