0 0.84453125 0.45555555555555555 0.0484375 0.12777777777777777
0 0.15390625 0.3680555555555556 0.025 0.07222222222222222
1 0.79921875 0.7027777777777777 0.1703125 0.2833333333333333
1 0.590625 0.2902777777777778 0.0453125 0.075
1 0.6125 0.25416666666666665 0.0453125 0.06666666666666667
1 0.65625 0.21388888888888888 0.040625 0.05555555555555555
1 0.6390625 0.23472222222222222 0.0453125 0.06111111111111111
2 0.65546875 0.4263888888888889 0.1328125 0.24444444444444444
2 0.69296875 0.17222222222222222 0.0796875 0.10277777777777777
3 0.5125 0.2902777777777778 0.09375 0.23055555555555557
