0 0.6875 0.5916666666666667 0.04375 0.15
0 0.8140625 0.5277777777777778 0.0484375 0.09444444444444444
0 0.75 0.4111111111111111 0.0359375 0.08888888888888889
0 0.6765625 0.46944444444444444 0.0484375 0.07222222222222222
0 0.696875 0.3611111111111111 0.0375 0.08333333333333333
0 0.621875 0.2833333333333333 0.021875 0.04722222222222222
0 0.684375 0.2777777777777778 0.028125 0.06388888888888888
0 0.5859375 0.25 0.021875 0.05277777777777778
0 0.6046875 0.22777777777777777 0.03125 0.06944444444444445
1 0.534375 0.2361111111111111 0.0578125 0.09444444444444444
0 0.3796875 0.3333333333333333 0.0375 0.08611111111111111
0 0.4125 0.2861111111111111 0.0296875 0.09166666666666666
0 0.3109375 0.30277777777777776 0.0328125 0.09722222222222222
0 0.0796875 0.3972222222222222 0.0734375 0.08055555555555556
0 0.2125 0.29444444444444445 0.0484375 0.04722222222222222
0 0.6453125 0.2833333333333333 0.01875 0.06111111111111111
