2 0.271875 0.4263888888888889 0.1734375 0.3
2 0.65078125 0.4666666666666667 0.153125 0.325
0 0.80078125 0.5958333333333333 0.0625 0.17222222222222222
0 0.9 0.5847222222222223 0.0953125 0.18888888888888888
0 0.91015625 0.28888888888888886 0.0640625 0.09444444444444444
0 0.709375 0.25833333333333336 0.025 0.075
0 0.68515625 0.27361111111111114 0.03125 0.09444444444444444
0 0.6796875 0.3111111111111111 0.034375 0.07777777777777778
0 0.634375 0.2708333333333333 0.0390625 0.1
0 0.58828125 0.25 0.0265625 0.08333333333333333
0 0.5484375 0.2638888888888889 0.0296875 0.09722222222222222
0 0.89609375 0.7875 0.1046875 0.21944444444444444
0 0.59765625 0.225 0.0203125 0.06111111111111111
0 0.621875 0.19583333333333333 0.021875 0.06388888888888888
0 0.45703125 0.3402777777777778 0.0375 0.10277777777777777
0 0.353125 0.2375 0.0234375 0.06388888888888888
1 0.40078125 0.22361111111111112 0.0390625 0.058333333333333334
0 0.5671875 0.2222222222222222 0.0203125 0.058333333333333334
