1 0.5796875 0.41944444444444445 0.06875 0.125
0 0.7390625 0.4 0.028125 0.08611111111111111
0 0.8515625 0.6472222222222223 0.0640625 0.10555555555555556
0 0.678125 0.3138888888888889 0.021875 0.07777777777777778
1 0.6375 0.8361111111111111 0.171875 0.32222222222222224
1 0.36875 0.5805555555555556 0.0890625 0.225
0 0.2203125 0.575 0.04375 0.1388888888888889
0 0.15 0.5333333333333333 0.0328125 0.07777777777777778
0 0.184375 0.4777777777777778 0.0296875 0.11388888888888889
0 0.075 0.4 0.053125 0.06944444444444445
0 0.2125 0.28888888888888886 0.0421875 0.03888888888888889
0 0.2609375 0.38055555555555554 0.025 0.06666666666666667
0 0.3 0.3888888888888889 0.025 0.1
1 0.3609375 0.3472222222222222 0.059375 0.10277777777777777
0 0.0875 0.8333333333333334 0.06875 0.16944444444444445
0 0.2765625 0.3388888888888889 0.021875 0.08333333333333333
0 0.3921875 0.24444444444444444 0.0171875 0.058333333333333334
0 0.43125 0.22777777777777777 0.021875 0.05555555555555555
0 0.371875 0.25 0.01875 0.06388888888888888
0 0.34375 0.24444444444444444 0.0125 0.05555555555555555
0 0.3625 0.2388888888888889 0.0140625 0.06666666666666667
0 0.653125 0.38055555555555554 0.03125 0.1
0 0.74375 0.3333333333333333 0.0234375 0.08888888888888889
0 0.671875 0.25555555555555554 0.025 0.06111111111111111
0 0.596875 0.20555555555555555 0.015625 0.05
