1 0.675 0.6388888888888888 0.1234375 0.20277777777777778
1 0.628125 0.4305555555555556 0.071875 0.11666666666666667
1 0.2546875 0.3388888888888889 0.053125 0.09166666666666666
1 0.0578125 0.9 0.1 0.19444444444444445
2 0.60625 0.3277777777777778 0.05625 0.10277777777777777
2 0.6734375 0.25277777777777777 0.040625 0.05277777777777778
2 0.64375 0.25277777777777777 0.05 0.07222222222222222
2 0.51875 0.36666666666666664 0.0734375 0.16111111111111112
3 0.51875 0.36666666666666664 0.078125 0.16666666666666666
3 0.675 0.19722222222222222 0.084375 0.07777777777777778
