1 0.190625 0.4875 0.096875 0.18611111111111112
1 0.63671875 0.42083333333333334 0.078125 0.125
1 0.525 0.3625 0.0515625 0.09166666666666666
1 0.64609375 0.2625 0.0359375 0.05
1 0.70234375 0.23472222222222222 0.034375 0.041666666666666664
2 0.84453125 0.75 0.3109375 0.48333333333333334
2 0.609375 0.3194444444444444 0.05625 0.1
3 0.52890625 0.2569444444444444 0.059375 0.10833333333333334
3 0.553125 0.1986111111111111 0.09375 0.08611111111111111
1 0.2765625 0.3263888888888889 0.0515625 0.08333333333333333
