0 0.396875 0.36944444444444446 0.021875 0.075
1 0.53203125 0.40694444444444444 0.0625 0.11944444444444445
1 0.64453125 0.41805555555555557 0.0625 0.10833333333333334
1 0.51875 0.3388888888888889 0.0515625 0.07222222222222222
1 0.56953125 0.25277777777777777 0.04375 0.06388888888888888
1 0.68984375 0.22777777777777777 0.0359375 0.03888888888888889
2 0.62421875 0.2513888888888889 0.059375 0.09444444444444444
3 0.67109375 0.7361111111111112 0.334375 0.5055555555555555
3 0.61875 0.32916666666666666 0.05 0.11944444444444445
0 0.16953125 0.2791666666666667 0.01875 0.07777777777777778
