0 0.14375 0.24444444444444444 0.0203125 0.06111111111111111
0 0.1828125 0.25277777777777777 0.0171875 0.05
1 0.853125 0.8722222222222222 0.2109375 0.25
1 0.6875 0.5888888888888889 0.1140625 0.18333333333333332
1 0.590625 0.4166666666666667 0.0640625 0.11666666666666667
1 0.578125 0.3194444444444444 0.053125 0.08055555555555556
1 0.7125 0.2388888888888889 0.0390625 0.05277777777777778
1 0.675 0.225 0.0375 0.044444444444444446
2 0.446875 0.225 0.125 0.08888888888888889
2 0.64375 0.25555555555555554 0.0375 0.058333333333333334
3 0.525 0.2722222222222222 0.05 0.10277777777777777
