0 0.7625 0.5611111111111111 0.0515625 0.12777777777777777
0 0.7125 0.37777777777777777 0.03125 0.09722222222222222
0 0.6890625 0.2777777777777778 0.028125 0.08333333333333333
0 0.61875 0.2861111111111111 0.0234375 0.075
0 0.0765625 0.39444444444444443 0.05625 0.06388888888888888
0 0.2140625 0.29444444444444445 0.0390625 0.06111111111111111
0 0.0828125 0.7722222222222223 0.1046875 0.225
0 0.9609375 0.45555555555555555 0.0640625 0.10277777777777777
0 0.596875 0.24444444444444444 0.0203125 0.06388888888888888
0 0.6109375 0.21666666666666667 0.015625 0.05
0 0.63125 0.25277777777777777 0.0203125 0.06666666666666667
0 0.39375 0.2388888888888889 0.01875 0.06388888888888888
