0 0.328125 0.3277777777777778 0.0421875 0.10277777777777777
0 0.20625 0.41944444444444445 0.0453125 0.125
0 0.41953125 0.2722222222222222 0.03125 0.08055555555555556
0 0.38203125 0.29444444444444445 0.0359375 0.1
0 0.37734375 0.21944444444444444 0.025 0.06111111111111111
0 0.35703125 0.2013888888888889 0.0296875 0.075
0 0.575 0.43333333333333335 0.0359375 0.10833333333333334
0 0.6 0.3541666666666667 0.0328125 0.08055555555555556
0 0.6359375 0.3902777777777778 0.0390625 0.08888888888888889
0 0.68359375 0.4388888888888889 0.0296875 0.08888888888888889
0 0.70234375 0.4111111111111111 0.021875 0.07222222222222222
0 0.7234375 0.40694444444444444 0.0328125 0.08055555555555556
0 0.68359375 0.6305555555555555 0.05625 0.12222222222222222
0 0.92578125 0.5430555555555555 0.065625 0.09722222222222222
1 0.34140625 0.6444444444444445 0.1703125 0.3194444444444444
1 0.45 0.4 0.0890625 0.16111111111111112
1 0.46875 0.2708333333333333 0.053125 0.09166666666666666
1 0.43828125 0.19305555555555556 0.0375 0.075
0 0.5640625 0.2722222222222222 0.028125 0.08055555555555556
0 0.6671875 0.31805555555555554 0.025 0.07777777777777778
0 0.6296875 0.28055555555555556 0.0234375 0.075
3 0.49609375 0.21666666666666667 0.0546875 0.10833333333333334
0 0.64921875 0.30972222222222223 0.0265625 0.06666666666666667
