0 0.61171875 0.5958333333333333 0.09375 0.18888888888888888
0 0.32265625 0.3375 0.0421875 0.125
0 0.36171875 0.2611111111111111 0.0359375 0.08611111111111111
0 0.33359375 0.21666666666666667 0.0265625 0.08611111111111111
0 0.0890625 0.2861111111111111 0.06875 0.1
0 0.2390625 0.2125 0.0515625 0.07222222222222222
0 0.653125 0.34305555555555556 0.0484375 0.11388888888888889
0 0.70625 0.3527777777777778 0.03125 0.08611111111111111
0 0.69140625 0.30972222222222223 0.0328125 0.08611111111111111
0 0.3640625 0.21666666666666667 0.03125 0.075
0 0.3921875 0.2 0.0203125 0.05
1 0.46875 0.2152777777777778 0.0453125 0.075
