0 0.3984375 0.36666666666666664 0.025 0.07777777777777778
1 0.5328125 0.4083333333333333 0.0625 0.11666666666666667
1 0.6453125 0.4222222222222222 0.0609375 0.10277777777777777
1 0.5203125 0.3388888888888889 0.05 0.06944444444444445
1 0.571875 0.25555555555555554 0.04375 0.06388888888888888
1 0.6921875 0.23333333333333334 0.0359375 0.041666666666666664
2 0.6265625 0.25555555555555554 0.05625 0.08611111111111111
3 0.66875 0.7416666666666667 0.3296875 0.49444444444444446
3 0.6203125 0.3333333333333333 0.0515625 0.11944444444444445
0 0.171875 0.26944444444444443 0.0171875 0.075
