0 0.125 0.225 0.0203125 0.05277777777777778
1 0.74375 0.6944444444444444 0.134375 0.20277777777777778
1 0.6109375 0.48055555555555557 0.08125 0.13333333333333333
1 0.065625 0.8194444444444444 0.13125 0.35555555555555557
1 0.590625 0.3472222222222222 0.05 0.07777777777777778
1 0.665625 0.25555555555555554 0.0328125 0.04722222222222222
1 0.5796875 0.2222222222222222 0.040625 0.041666666666666664
1 0.6515625 0.22777777777777777 0.0359375 0.041666666666666664
2 0.40625 0.21388888888888888 0.121875 0.09722222222222222
2 0.6125 0.2722222222222222 0.05 0.06666666666666667
2 0.51875 0.2916666666666667 0.059375 0.11666666666666667
