0 0.30625 0.4847222222222222 0.0515625 0.12777777777777777
1 0.40546875 0.24583333333333332 0.0609375 0.09444444444444444
0 0.57421875 0.30416666666666664 0.04375 0.08611111111111111
0 0.61015625 0.3013888888888889 0.0421875 0.10833333333333334
0 0.6234375 0.2652777777777778 0.028125 0.075
0 0.7609375 0.7305555555555555 0.084375 0.23055555555555557
0 0.85859375 0.7222222222222222 0.0859375 0.21666666666666667
0 0.8109375 0.35138888888888886 0.0546875 0.09722222222222222
0 0.7109375 0.42083333333333334 0.0578125 0.12222222222222222
0 0.728125 0.3625 0.046875 0.12777777777777777
0 0.6578125 0.25833333333333336 0.0375 0.09166666666666666
0 0.90078125 0.24305555555555555 0.078125 0.10277777777777777
0 0.83828125 0.5513888888888889 0.071875 0.11944444444444445
0 0.83046875 0.44305555555555554 0.053125 0.09722222222222222
0 0.57890625 0.3875 0.0453125 0.10555555555555556
1 0.5171875 0.28055555555555556 0.0578125 0.1111111111111111
0 0.5578125 0.23333333333333334 0.0390625 0.07777777777777778
0 0.575 0.16527777777777777 0.0359375 0.08055555555555556
0 0.45703125 0.2722222222222222 0.025 0.075
0 0.71875 0.2722222222222222 0.0359375 0.08611111111111111
