0 0.84140625 0.3597222222222222 0.021875 0.06111111111111111
0 0.8625 0.325 0.025 0.06111111111111111
1 0.37421875 0.7722222222222223 0.1390625 0.275
1 0.4671875 0.44027777777777777 0.0859375 0.1638888888888889
1 0.39453125 0.4013888888888889 0.0734375 0.125
1 0.38046875 0.24305555555555555 0.046875 0.06111111111111111
1 0.21796875 0.6763888888888889 0.2 0.32222222222222224
1 0.48046875 0.26805555555555555 0.0484375 0.07222222222222222
2 0.35078125 0.18194444444444444 0.0625 0.07777777777777778
1 0.47265625 0.3194444444444444 0.040625 0.075
1 0.4046875 0.3263888888888889 0.05 0.08888888888888889
3 0.29921875 0.17777777777777778 0.0546875 0.08055555555555556
