0 0.1109375 0.37222222222222223 0.034375 0.1111111111111111
1 0.61171875 0.8277777777777777 0.1921875 0.34444444444444444
1 0.7265625 0.7388888888888889 0.1640625 0.23333333333333334
1 0.53515625 0.5111111111111111 0.0875 0.16111111111111112
1 0.52421875 0.35555555555555557 0.05625 0.08888888888888889
1 0.62734375 0.4666666666666667 0.0734375 0.11388888888888889
1 0.54375 0.2861111111111111 0.04375 0.06111111111111111
1 0.621875 0.2902777777777778 0.04375 0.06111111111111111
1 0.60703125 0.3347222222222222 0.046875 0.06944444444444445
1 0.71796875 0.2722222222222222 0.034375 0.04722222222222222
3 0.55546875 0.20694444444444443 0.1109375 0.08888888888888889
0 0.3578125 0.6111111111111112 0.0578125 0.15833333333333333
