0 0.6859375 0.6027777777777777 0.046875 0.1527777777777778
0 0.81328125 0.5472222222222223 0.05 0.09722222222222222
0 0.7515625 0.4263888888888889 0.0375 0.09166666666666666
0 0.67734375 0.48055555555555557 0.05 0.075
0 0.69921875 0.3736111111111111 0.0390625 0.08611111111111111
0 0.62578125 0.2916666666666667 0.0234375 0.04722222222222222
0 0.68828125 0.28888888888888886 0.0296875 0.06666666666666667
0 0.590625 0.25555555555555554 0.0234375 0.05277777777777778
0 0.61015625 0.23472222222222222 0.0328125 0.07222222222222222
1 0.53984375 0.2388888888888889 0.059375 0.09722222222222222
0 0.3828125 0.3263888888888889 0.0390625 0.08888888888888889
0 0.41640625 0.28055555555555556 0.03125 0.09444444444444444
0 0.31484375 0.2916666666666667 0.034375 0.1
0 0.08203125 0.37083333333333335 0.075 0.08611111111111111
0 0.21640625 0.2763888888888889 0.05 0.05
0 0.64921875 0.29305555555555557 0.0203125 0.06111111111111111
