1 0.628125 0.37777777777777777 0.05625 0.08888888888888889
1 0.525 0.3611111111111111 0.053125 0.09166666666666666
1 0.525 0.30833333333333335 0.04375 0.06666666666666667
1 0.58125 0.25 0.0359375 0.04722222222222222
3 0.61875 0.2972222222222222 0.053125 0.11944444444444445
2 0.6359375 0.24444444444444444 0.059375 0.075
3 0.621875 0.7 0.2421875 0.55
3 0.83125 0.7416666666666667 0.209375 0.40555555555555556
0 0.196875 0.3055555555555556 0.0234375 0.07222222222222222
0 0.41875 0.3194444444444444 0.021875 0.06944444444444445
