0 0.82421875 0.8652777777777778 0.09375 0.21944444444444444
1 0.5859375 0.4236111111111111 0.0890625 0.18055555555555555
0 0.084375 0.7013888888888888 0.09375 0.20833333333333334
0 0.26328125 0.35555555555555557 0.0421875 0.09444444444444444
0 0.925 0.49027777777777776 0.0546875 0.06944444444444445
0 0.7515625 0.3875 0.034375 0.09166666666666666
0 0.74765625 0.5347222222222222 0.0421875 0.13055555555555556
0 0.68046875 0.5305555555555556 0.0546875 0.11388888888888889
3 0.35390625 0.49722222222222223 0.2421875 0.5138888888888888
0 0.68828125 0.3486111111111111 0.021875 0.06388888888888888
0 0.675 0.3013888888888889 0.0234375 0.06111111111111111
1 0.465625 0.30694444444444446 0.0703125 0.10555555555555556
1 0.2234375 0.4986111111111111 0.08125 0.17222222222222222
0 0.3640625 0.24305555555555555 0.025 0.06666666666666667
0 0.634375 0.24861111111111112 0.021875 0.06388888888888888
0 0.6640625 0.2708333333333333 0.0234375 0.06111111111111111
