0 0.78671875 0.4152777777777778 0.05 0.11944444444444445
0 0.6734375 0.2847222222222222 0.046875 0.08611111111111111
0 0.625 0.29305555555555557 0.0390625 0.10833333333333334
1 0.5484375 0.3333333333333333 0.071875 0.12777777777777777
0 0.45859375 0.2652777777777778 0.0359375 0.08333333333333333
0 0.41953125 0.7541666666666667 0.078125 0.23333333333333334
0 0.8375 0.7319444444444444 0.096875 0.2777777777777778
0 0.903125 0.25277777777777777 0.071875 0.09722222222222222
0 0.61875 0.36527777777777776 0.003125 0.002777777777777778
0 0.5765625 0.19583333333333333 0.0203125 0.06111111111111111
0 0.56484375 0.24583333333333332 0.0265625 0.07222222222222222
0 0.53828125 0.24027777777777778 0.0296875 0.08055555555555556
0 0.60625 0.23472222222222222 0.028125 0.07222222222222222
0 0.4484375 0.3333333333333333 0.03125 0.07777777777777778
