0 0.3421875 0.36944444444444446 0.04375 0.125
0 0.2609375 0.3638888888888889 0.0375 0.08888888888888889
0 0.08359375 0.34305555555555556 0.0609375 0.08333333333333333
0 0.215625 0.24722222222222223 0.046875 0.044444444444444446
0 0.52890625 0.275 0.04375 0.09166666666666666
0 0.41640625 0.2833333333333333 0.028125 0.08333333333333333
0 0.39375 0.21944444444444444 0.0203125 0.06944444444444445
0 0.35078125 0.28055555555555556 0.0390625 0.08055555555555556
0 0.43125 0.2125 0.0234375 0.06388888888888888
0 0.41171875 0.16527777777777777 0.0171875 0.05277777777777778
