0 0.6453125 0.4625 0.0484375 0.14166666666666666
0 0.7359375 0.46805555555555556 0.0609375 0.14444444444444443
0 0.8375 0.4638888888888889 0.0625 0.1388888888888889
0 0.75625 0.375 0.04375 0.13055555555555556
0 0.69296875 0.30833333333333335 0.0515625 0.09166666666666666
0 0.6703125 0.25416666666666665 0.0359375 0.08333333333333333
0 0.64453125 0.2263888888888889 0.0203125 0.06111111111111111
0 0.62890625 0.25833333333333336 0.0203125 0.06111111111111111
0 0.60234375 0.30277777777777776 0.0328125 0.07777777777777778
0 0.3375 0.35694444444444445 0.03125 0.06666666666666667
0 0.30625 0.3347222222222222 0.025 0.06388888888888888
0 0.9015625 0.24027777777777778 0.0640625 0.07777777777777778
0 0.82578125 0.37916666666666665 0.0453125 0.11388888888888889
3 0.515625 0.23333333333333334 0.0625 0.14722222222222223
0 0.575 0.24444444444444444 0.0234375 0.06388888888888888
0 0.6078125 0.22361111111111112 0.021875 0.06111111111111111
0 0.62578125 0.20277777777777778 0.0171875 0.044444444444444446
