0 0.90078125 0.22777777777777777 0.0609375 0.08055555555555556
0 0.8046875 0.3375 0.0421875 0.11666666666666667
0 0.75390625 0.39305555555555555 0.034375 0.10277777777777777
0 0.7015625 0.2972222222222222 0.0375 0.07222222222222222
0 0.6734375 0.3402777777777778 0.0453125 0.125
0 0.63125 0.3611111111111111 0.034375 0.08888888888888889
0 0.59140625 0.24305555555555555 0.034375 0.06944444444444445
0 0.63984375 0.24305555555555555 0.0328125 0.07222222222222222
0 0.55078125 0.2708333333333333 0.034375 0.07222222222222222
0 0.5859375 0.1875 0.0234375 0.05
0 0.71953125 0.3638888888888889 0.040625 0.10833333333333334
0 0.95546875 0.6125 0.0890625 0.25833333333333336
0 0.790625 0.5027777777777778 0.0625 0.15833333333333333
