1 0.3953125 0.44305555555555554 0.0765625 0.175
0 0.3078125 0.43472222222222223 0.0515625 0.1
0 0.309375 0.5069444444444444 0.0359375 0.11944444444444445
0 0.24375 0.4875 0.0375 0.1
0 0.14921875 0.46944444444444444 0.05625 0.10833333333333334
0 0.1890625 0.7611111111111111 0.09375 0.13333333333333333
0 0.08984375 0.8 0.071875 0.1527777777777778
0 0.075 0.4152777777777778 0.0578125 0.07777777777777778
0 0.20859375 0.3013888888888889 0.0671875 0.06944444444444445
0 0.3609375 0.275 0.021875 0.07777777777777778
0 0.19140625 0.5361111111111111 0.03125 0.10555555555555556
0 0.5578125 0.2763888888888889 0.01875 0.075
