1 0.7828125 0.7805555555555556 0.2140625 0.3194444444444444
1 0.5359375 0.45 0.078125 0.1388888888888889
1 0.5125 0.22777777777777777 0.0578125 0.04722222222222222
1 0.65 0.26944444444444443 0.0453125 0.05555555555555555
1 0.5984375 0.2833333333333333 0.04375 0.05555555555555555
1 0.58125 0.24166666666666667 0.05 0.05277777777777778
1 0.5671875 0.26944444444444443 0.040625 0.058333333333333334
2 0.671875 0.4777777777777778 0.121875 0.2222222222222222
2 0.596875 0.32222222222222224 0.040625 0.08333333333333333
2 0.525 0.3388888888888889 0.0515625 0.1
1 0.2625 0.275 0.05625 0.08055555555555556
