0 0.08125 0.4 0.05625 0.06944444444444445
0 0.2125 0.2972222222222222 0.05625 0.058333333333333334
1 0.5875 0.5277777777777778 0.103125 0.19722222222222222
1 0.6234375 0.7888888888888889 0.1546875 0.2916666666666667
1 0.7171875 0.48055555555555557 0.1234375 0.18333333333333332
0 0.7453125 0.34444444444444444 0.0234375 0.1111111111111111
1 0.646875 0.325 0.0625 0.10555555555555556
3 0.565625 0.3638888888888889 0.078125 0.14444444444444443
0 0.65625 0.275 0.0265625 0.06666666666666667
0 0.565625 0.24722222222222223 0.0359375 0.058333333333333334
0 0.684375 0.29444444444444445 0.021875 0.08055555555555556
0 0.8046875 0.4638888888888889 0.0390625 0.09444444444444444
