0 0.1265625 0.5083333333333333 0.065625 0.15833333333333333
0 0.271875 0.5111111111111111 0.0515625 0.16944444444444445
0 0.3375 0.38333333333333336 0.03125 0.12777777777777777
0 0.309375 0.3194444444444444 0.0421875 0.1
0 0.3796875 0.29444444444444445 0.0203125 0.08333333333333333
0 0.353125 0.2722222222222222 0.021875 0.06944444444444445
2 0.6359375 0.4 0.15 0.3111111111111111
0 0.828125 0.475 0.0546875 0.125
0 0.6953125 0.28055555555555556 0.0390625 0.09722222222222222
0 0.5734375 0.23333333333333334 0.025 0.06111111111111111
1 0.53125 0.24166666666666667 0.0484375 0.08888888888888889
0 0.39375 0.2222222222222222 0.0234375 0.06111111111111111
0 0.078125 0.3972222222222222 0.0484375 0.08333333333333333
0 0.209375 0.2861111111111111 0.05 0.06388888888888888
0 0.3546875 0.21388888888888888 0.0203125 0.06388888888888888
0 0.409375 0.2972222222222222 0.0234375 0.08333333333333333
0 0.25625 0.4222222222222222 0.0265625 0.11388888888888889
