0 0.82734375 0.2361111111111111 0.028125 0.08055555555555556
0 0.65625 0.4736111111111111 0.04375 0.12222222222222222
1 0.178125 0.9236111111111112 0.23125 0.1527777777777778
1 0.45078125 0.5319444444444444 0.103125 0.18611111111111112
1 0.3234375 0.5722222222222222 0.1265625 0.21388888888888888
1 0.42578125 0.24722222222222223 0.0625 0.06944444444444445
1 0.44609375 0.2916666666666667 0.0515625 0.07777777777777778
1 0.46015625 0.41944444444444445 0.0671875 0.10277777777777777
1 0.284375 0.2916666666666667 0.0453125 0.058333333333333334
2 0.36875 0.3125 0.0640625 0.11944444444444445
3 0.35546875 0.42083333333333334 0.075 0.15833333333333333
