2 0.7078125 0.31805555555555554 0.1671875 0.2861111111111111
2 0.35 0.5416666666666666 0.1625 0.33611111111111114
0 0.225 0.7388888888888889 0.059375 0.16944444444444445
0 0.12890625 0.7763888888888889 0.09375 0.18888888888888888
0 0.0734375 0.4986111111111111 0.0609375 0.08611111111111111
0 0.2609375 0.37083333333333335 0.021875 0.07222222222222222
0 0.28671875 0.3736111111111111 0.03125 0.09444444444444444
0 0.2984375 0.40694444444444444 0.0328125 0.075
0 0.33515625 0.3458333333333333 0.0421875 0.10555555555555556
0 0.3765625 0.30277777777777776 0.021875 0.07777777777777778
0 0.41640625 0.2972222222222222 0.028125 0.09166666666666666
0 0.1640625 0.9319444444444445 0.1 0.1361111111111111
0 0.3640625 0.2833333333333333 0.0171875 0.06111111111111111
0 0.3359375 0.26666666666666666 0.0203125 0.06111111111111111
0 0.51640625 0.3263888888888889 0.0375 0.1
0 0.60078125 0.1763888888888889 0.0203125 0.06111111111111111
1 0.55234375 0.18611111111111112 0.040625 0.06388888888888888
0 0.3921875 0.26666666666666666 0.015625 0.05555555555555555
