0 0.36875 0.3902777777777778 0.046875 0.10277777777777777
0 0.31484375 0.49027777777777776 0.05 0.11944444444444445
0 0.27109375 0.6319444444444444 0.046875 0.14166666666666666
0 0.2171875 0.5958333333333333 0.0734375 0.1388888888888889
0 0.21640625 0.8291666666666667 0.0625 0.16111111111111112
0 0.07890625 0.5597222222222222 0.0515625 0.06388888888888888
0 0.690625 0.26666666666666666 0.034375 0.08611111111111111
0 0.6578125 0.21944444444444444 0.03125 0.08611111111111111
2 0.50625 0.20277777777777778 0.08125 0.15555555555555556
0 0.59453125 0.17222222222222222 0.0203125 0.05277777777777778
0 0.62109375 0.17916666666666667 0.021875 0.06111111111111111
0 0.57890625 0.15833333333333333 0.03125 0.06111111111111111
0 0.325 0.3055555555555556 0.0296875 0.08888888888888889
0 0.36484375 0.29305555555555557 0.0296875 0.08055555555555556
0 0.29921875 0.4222222222222222 0.028125 0.075
0 0.609375 0.25416666666666665 0.0296875 0.07777777777777778
