0 0.928125 0.5916666666666667 0.08125 0.2
0 0.8234375 0.44027777777777777 0.05 0.10833333333333334
0 0.91484375 0.30833333333333335 0.0578125 0.075
0 0.69921875 0.4222222222222222 0.04375 0.11388888888888889
0 0.6578125 0.325 0.0390625 0.09444444444444444
0 0.69140625 0.30694444444444446 0.034375 0.09166666666666666
0 0.6109375 0.3333333333333333 0.0453125 0.11388888888888889
1 0.55546875 0.30277777777777776 0.0671875 0.13055555555555556
3 0.34609375 0.6625 0.29375 0.6361111111111111
1 0.44375 0.3277777777777778 0.05625 0.09444444444444444
1 0.15390625 0.8472222222222222 0.1734375 0.3055555555555556
0 0.30078125 0.36944444444444446 0.028125 0.07222222222222222
0 0.34453125 0.25416666666666665 0.0234375 0.07222222222222222
0 0.678125 0.24861111111111112 0.028125 0.075
0 0.625 0.2152777777777778 0.01875 0.06666666666666667
0 0.6125 0.19583333333333333 0.0234375 0.06944444444444445
0 0.58359375 0.18194444444444444 0.021875 0.058333333333333334
