1 0.384375 0.43194444444444446 0.0765625 0.1388888888888889
1 0.409375 0.2652777777777778 0.053125 0.08333333333333333
1 0.7046875 0.7972222222222223 0.2421875 0.3416666666666667
0 0.9 0.5319444444444444 0.08125 0.18333333333333332
0 0.859375 0.5972222222222222 0.0671875 0.18611111111111112
0 0.79296875 0.4152777777777778 0.0640625 0.1361111111111111
0 0.74296875 0.33194444444444443 0.040625 0.08888888888888889
0 0.6921875 0.30833333333333335 0.0453125 0.11388888888888889
0 0.6609375 0.37083333333333335 0.0421875 0.13055555555555556
0 0.6421875 0.31527777777777777 0.04375 0.1
0 0.60703125 0.3416666666666667 0.0421875 0.09444444444444444
1 0.57890625 0.40694444444444444 0.0984375 0.20833333333333334
0 0.903125 0.2708333333333333 0.071875 0.10833333333333334
0 0.66796875 0.22916666666666666 0.0296875 0.075
0 0.634375 0.24722222222222223 0.034375 0.08611111111111111
0 0.59921875 0.2111111111111111 0.03125 0.08888888888888889
0 0.5765625 0.24166666666666667 0.0296875 0.07777777777777778
3 0.50859375 0.16944444444444445 0.0640625 0.1527777777777778
0 0.61875 0.19027777777777777 0.021875 0.06111111111111111
0 0.6046875 0.2652777777777778 0.0265625 0.06666666666666667
0 0.31328125 0.2791666666666667 0.0296875 0.075
0 0.33125 0.25277777777777777 0.0265625 0.07222222222222222
0 0.3484375 0.2375 0.025 0.06944444444444445
