0 0.30390625 0.3736111111111111 0.034375 0.09444444444444444
0 0.42109375 0.20416666666666666 0.01875 0.05
0 0.4453125 0.3125 0.0203125 0.05277777777777778
0 0.496875 0.25555555555555554 0.046875 0.06944444444444445
0 0.62265625 0.26805555555555555 0.0296875 0.06944444444444445
1 0.57890625 0.35694444444444445 0.075 0.14722222222222223
0 0.9140625 0.3541666666666667 0.0625 0.07222222222222222
0 0.4203125 0.30416666666666664 0.0203125 0.06111111111111111
0 0.41796875 0.25416666666666665 0.021875 0.058333333333333334
0 0.4671875 0.21388888888888888 0.01875 0.05555555555555555
