1 0.80625 0.42083333333333334 0.10625 0.2
1 0.35859375 0.4513888888888889 0.08125 0.13055555555555556
1 0.465625 0.36944444444444446 0.0546875 0.09444444444444444
1 0.33828125 0.29583333333333334 0.040625 0.058333333333333334
1 0.28125 0.28055555555555556 0.0359375 0.04722222222222222
2 0.17421875 0.7736111111111111 0.3390625 0.4527777777777778
2 0.37890625 0.34444444444444444 0.0578125 0.10277777777777777
3 0.4546875 0.2652777777777778 0.0671875 0.12222222222222222
3 0.4265625 0.2125 0.0953125 0.09722222222222222
1 0.71015625 0.2791666666666667 0.0546875 0.08888888888888889
