0 0.565625 0.2902777777777778 0.0328125 0.07777777777777778
0 0.67734375 0.39305555555555555 0.040625 0.1111111111111111
0 0.290625 0.39166666666666666 0.025 0.06666666666666667
1 0.2640625 0.8472222222222222 0.215625 0.3055555555555556
1 0.4078125 0.7263888888888889 0.15625 0.2972222222222222
1 0.3484375 0.5083333333333333 0.0921875 0.15555555555555556
1 0.46328125 0.42916666666666664 0.0859375 0.15555555555555556
1 0.37890625 0.40694444444444444 0.0609375 0.10555555555555556
1 0.4453125 0.35138888888888886 0.0578125 0.09444444444444444
2 0.28125 0.2986111111111111 0.0953125 0.1361111111111111
2 0.3953125 0.275 0.09375 0.12222222222222222
3 0.36640625 0.3347222222222222 0.0609375 0.10555555555555556
