3 0.27578125 0.7833333333333333 0.2578125 0.4027777777777778
0 0.28203125 0.42777777777777776 0.0359375 0.1388888888888889
0 0.23828125 0.42083333333333334 0.0484375 0.11666666666666667
0 0.328125 0.32222222222222224 0.0203125 0.07777777777777778
0 0.39140625 0.34444444444444444 0.0234375 0.09444444444444444
0 0.10625 0.5513888888888889 0.090625 0.14166666666666666
0 0.08125 0.34444444444444444 0.0578125 0.07777777777777778
3 0.56171875 0.20972222222222223 0.0578125 0.125
0 0.66953125 0.24583333333333332 0.028125 0.06388888888888888
0 0.61171875 0.25833333333333336 0.028125 0.07777777777777778
0 0.20703125 0.5361111111111111 0.0390625 0.1388888888888889
0 0.4109375 0.18194444444444444 0.015625 0.06388888888888888
0 0.4296875 0.18472222222222223 0.0140625 0.05555555555555555
