0 0.07890625 0.4388888888888889 0.0578125 0.075
0 0.20703125 0.3236111111111111 0.0578125 0.06388888888888888
1 0.58828125 0.5194444444444445 0.109375 0.20555555555555555
1 0.63203125 0.7763888888888889 0.1625 0.3055555555555556
1 0.71640625 0.4597222222222222 0.128125 0.19444444444444445
0 0.740625 0.32222222222222224 0.0265625 0.11388888888888889
1 0.64140625 0.3111111111111111 0.065625 0.1111111111111111
3 0.56171875 0.35833333333333334 0.0828125 0.1527777777777778
0 0.64921875 0.2611111111111111 0.028125 0.06944444444444445
0 0.5578125 0.24166666666666667 0.0375 0.06111111111111111
0 0.678125 0.2777777777777778 0.0234375 0.08333333333333333
0 0.803125 0.4361111111111111 0.0421875 0.09722222222222222
