0 0.29609375 0.42916666666666664 0.021875 0.08055555555555556
0 0.31328125 0.36666666666666664 0.0390625 0.10833333333333334
0 0.33984375 0.36666666666666664 0.03125 0.09166666666666666
0 0.390625 0.3194444444444444 0.0265625 0.08888888888888889
1 0.55546875 0.2875 0.053125 0.09722222222222222
0 0.65859375 0.375 0.0390625 0.09722222222222222
0 0.7390625 0.3902777777777778 0.03125 0.09444444444444444
0 0.8015625 0.5055555555555555 0.0546875 0.12222222222222222
0 0.6203125 0.2111111111111111 0.0203125 0.05555555555555555
0 0.46953125 0.25972222222222224 0.03125 0.06388888888888888
0 0.3515625 0.2638888888888889 0.01875 0.075
0 0.36640625 0.26666666666666666 0.0171875 0.06944444444444445
