0 0.69453125 0.4736111111111111 0.0375 0.13055555555555556
1 0.36328125 0.35833333333333334 0.0703125 0.13055555555555556
0 0.803125 0.5083333333333333 0.059375 0.12222222222222222
0 0.9234375 0.43194444444444446 0.0671875 0.08888888888888889
0 0.79453125 0.2986111111111111 0.046875 0.03888888888888889
0 0.66875 0.4166666666666667 0.0359375 0.1
0 0.71484375 0.3972222222222222 0.0296875 0.08333333333333333
0 0.70390625 0.3125 0.025 0.058333333333333334
0 0.67109375 0.30833333333333335 0.0265625 0.075
0 0.63046875 0.37777777777777777 0.034375 0.09722222222222222
0 0.61484375 0.3125 0.03125 0.08333333333333333
0 0.459375 0.40555555555555556 0.0390625 0.1111111111111111
0 0.5953125 0.25277777777777777 0.025 0.06111111111111111
0 0.62578125 0.24305555555555555 0.025 0.04722222222222222
