0 0.103125 0.5291666666666667 0.065625 0.12222222222222222
0 0.596875 0.36944444444444446 0.025 0.09166666666666666
0 0.73671875 0.39861111111111114 0.034375 0.10555555555555556
0 0.825 0.4847222222222222 0.05 0.14444444444444443
0 0.60703125 0.2638888888888889 0.0203125 0.06388888888888888
0 0.6578125 0.3055555555555556 0.025 0.075
0 0.07890625 0.39305555555555555 0.0671875 0.08611111111111111
0 0.39921875 0.28888888888888886 0.025 0.06944444444444445
0 0.66015625 0.2361111111111111 0.0171875 0.04722222222222222
0 0.63671875 0.23194444444444445 0.0125 0.05
