1 0.36875 0.5722222222222222 0.13125 0.24722222222222223
1 0.58359375 0.375 0.0828125 0.1388888888888889
0 0.8140625 0.825 0.090625 0.23333333333333334
0 0.74921875 0.5763888888888888 0.0578125 0.1361111111111111
0 0.79765625 0.5666666666666667 0.0609375 0.125
0 0.71328125 0.37777777777777777 0.040625 0.08611111111111111
0 0.65390625 0.42777777777777776 0.0359375 0.10277777777777777
0 0.63828125 0.3333333333333333 0.025 0.06944444444444445
0 0.6734375 0.32916666666666666 0.0234375 0.07222222222222222
0 0.69765625 0.325 0.028125 0.06666666666666667
0 0.3390625 0.33611111111111114 0.0375 0.10833333333333334
0 0.403125 0.30972222222222223 0.040625 0.125
0 0.28671875 0.3333333333333333 0.0484375 0.1111111111111111
0 0.37890625 0.2638888888888889 0.0234375 0.07222222222222222
0 0.0984375 0.2833333333333333 0.065625 0.08888888888888889
0 0.23203125 0.20833333333333334 0.04375 0.058333333333333334
0 0.27109375 0.46111111111111114 0.0625 0.1527777777777778
0 0.0921875 0.6527777777777778 0.10625 0.25
0 0.3625 0.2361111111111111 0.025 0.08333333333333333
0 0.53515625 0.2652777777777778 0.0265625 0.07222222222222222
