0 0.6515625 0.4152777777777778 0.046875 0.13055555555555556
0 0.6203125 0.2902777777777778 0.0390625 0.10277777777777777
0 0.5171875 0.2861111111111111 0.0265625 0.08888888888888889
0 0.31796875 0.4444444444444444 0.0453125 0.09722222222222222
0 0.075 0.5319444444444444 0.0765625 0.09444444444444444
0 0.953125 0.6361111111111111 0.09375 0.21666666666666667
0 0.2484375 0.5680555555555555 0.0375 0.13333333333333333
0 0.478125 0.2611111111111111 0.0328125 0.075
0 0.5875 0.5069444444444444 0.046875 0.1361111111111111
0 0.6609375 0.5083333333333333 0.0453125 0.125
