1 0.578125 0.5111111111111111 0.10625 0.19444444444444445
3 0.57109375 0.28055555555555556 0.096875 0.2361111111111111
0 0.859375 0.6722222222222223 0.0625 0.15555555555555556
0 0.07734375 0.39305555555555555 0.0484375 0.08055555555555556
0 0.36796875 0.2625 0.0203125 0.06388888888888888
1 0.6296875 0.30972222222222223 0.0390625 0.08333333333333333
0 0.69140625 0.4083333333333333 0.03125 0.08055555555555556
0 0.6953125 0.3472222222222222 0.0234375 0.06388888888888888
0 0.6796875 0.3055555555555556 0.021875 0.06666666666666667
0 0.64921875 0.2569444444444444 0.01875 0.05
