0 0.1234375 0.5222222222222223 0.034375 0.1
0 0.36171875 0.5055555555555555 0.0390625 0.11388888888888889
1 0.540625 0.4638888888888889 0.0953125 0.17222222222222222
1 0.6625 0.42916666666666664 0.1015625 0.16666666666666666
1 0.51171875 0.3763888888888889 0.0640625 0.09444444444444444
1 0.53203125 0.2111111111111111 0.0578125 0.06944444444444445
1 0.84921875 0.6958333333333333 0.25625 0.3638888888888889
1 0.52421875 0.2569444444444444 0.0578125 0.08611111111111111
2 0.59453125 0.22916666666666666 0.075 0.1111111111111111
3 0.6125 0.3194444444444444 0.0734375 0.14166666666666666
3 0.70234375 0.7902777777777777 0.296875 0.3333333333333333
