0 0.8171875 0.49166666666666664 0.0265625 0.09444444444444444
1 0.5890625 0.6861111111111111 0.13125 0.24722222222222223
1 0.8328125 0.8222222222222222 0.2234375 0.34444444444444444
1 0.5390625 0.4388888888888889 0.06875 0.11944444444444445
1 0.665625 0.49166666666666664 0.1046875 0.16666666666666666
2 0.6265625 0.24444444444444444 0.0703125 0.1
2 0.5328125 0.2777777777777778 0.06875 0.1361111111111111
3 0.6265625 0.3388888888888889 0.078125 0.15
3 0.696875 0.23055555555555557 0.0609375 0.07222222222222222
0 0.7015625 0.2916666666666667 0.015625 0.06388888888888888
