0 0.85625 0.7944444444444444 0.1015625 0.23055555555555557
1 0.384375 0.6652777777777777 0.1203125 0.2833333333333333
0 0.22265625 0.6277777777777778 0.0671875 0.13055555555555556
0 0.0765625 0.4236111111111111 0.0640625 0.06944444444444445
0 0.29453125 0.4791666666666667 0.040625 0.12777777777777777
0 0.32890625 0.4777777777777778 0.0375 0.1111111111111111
0 0.38828125 0.45694444444444443 0.0484375 0.10555555555555556
0 0.27578125 0.39166666666666666 0.0328125 0.08333333333333333
0 0.24453125 0.3763888888888889 0.0296875 0.06666666666666667
0 0.3109375 0.3611111111111111 0.028125 0.10833333333333334
0 0.3375 0.3597222222222222 0.021875 0.07222222222222222
0 0.0859375 0.7708333333333334 0.0609375 0.15555555555555556
0 0.40078125 0.2861111111111111 0.0234375 0.09444444444444444
0 0.43671875 0.29583333333333334 0.021875 0.07222222222222222
0 0.3734375 0.26666666666666666 0.015625 0.06944444444444445
0 0.33671875 0.2375 0.0203125 0.058333333333333334
0 0.5171875 0.2708333333333333 0.025 0.08888888888888889
0 0.30234375 0.30972222222222223 0.015625 0.05555555555555555
0 0.34609375 0.2875 0.0203125 0.06111111111111111
