1 0.3984375 0.6319444444444444 0.1265625 0.23333333333333334
1 0.48515625 0.21666666666666667 0.0578125 0.07222222222222222
1 0.4765625 0.3875 0.0703125 0.12777777777777777
2 0.10390625 0.6652777777777777 0.2078125 0.46944444444444444
2 0.4 0.3277777777777778 0.08125 0.1527777777777778
2 0.2484375 0.8611111111111112 0.2734375 0.18888888888888888
3 0.2875 0.4666666666666667 0.1765625 0.2861111111111111
3 0.41953125 0.24305555555555555 0.06875 0.10277777777777777
3 0.5875 0.2222222222222222 0.0625 0.07777777777777778
3 0.4015625 0.18194444444444444 0.06875 0.08333333333333333
