0 0.7125 0.5083333333333333 0.04375 0.12222222222222222
0 0.7765625 0.6888888888888889 0.053125 0.14722222222222223
0 0.853125 0.5666666666666667 0.0640625 0.16944444444444445
0 0.565625 0.49444444444444446 0.065625 0.17222222222222222
1 0.6875 0.8666666666666667 0.2265625 0.2611111111111111
0 0.66875 0.3277777777777778 0.0265625 0.08333333333333333
0 0.534375 0.275 0.0265625 0.08055555555555556
0 0.7 0.2972222222222222 0.021875 0.07222222222222222
0 0.28125 0.4083333333333333 0.025 0.07777777777777778
0 0.271875 0.3388888888888889 0.0296875 0.06388888888888888
0 0.2453125 0.43333333333333335 0.028125 0.10555555555555556
1 0.3546875 0.37777777777777777 0.08125 0.1638888888888889
0 0.171875 0.5111111111111111 0.0328125 0.1
0 0.090625 0.5777777777777777 0.046875 0.09722222222222222
3 0.203125 0.7666666666666667 0.4 0.46111111111111114
0 0.08125 0.39166666666666666 0.05625 0.1
0 0.209375 0.28888888888888886 0.046875 0.05277777777777778
0 0.38125 0.24722222222222223 0.0171875 0.05277777777777778
0 0.34375 0.25 0.021875 0.06666666666666667
1 0.4484375 0.24444444444444444 0.0453125 0.07777777777777778
0 0.684375 0.2722222222222222 0.0171875 0.06111111111111111
