0 0.353125 0.5166666666666667 0.034375 0.13055555555555556
0 0.265625 0.5555555555555556 0.046875 0.13055555555555556
0 0.165625 0.5888888888888889 0.05 0.12222222222222222
0 0.234375 0.4722222222222222 0.0296875 0.12222222222222222
0 0.2890625 0.38333333333333336 0.04375 0.07777777777777778
0 0.3046875 0.32222222222222224 0.028125 0.075
0 0.3265625 0.2861111111111111 0.0140625 0.058333333333333334
0 0.3453125 0.3111111111111111 0.0140625 0.058333333333333334
0 0.3765625 0.34444444444444444 0.025 0.06944444444444445
0 0.6421875 0.3 0.025 0.058333333333333334
0 0.6703125 0.26666666666666666 0.01875 0.058333333333333334
0 0.0765625 0.39444444444444443 0.0578125 0.058333333333333334
0 0.1671875 0.5027777777777778 0.034375 0.10277777777777777
3 0.453125 0.24444444444444444 0.0484375 0.13333333333333333
0 0.396875 0.2777777777777778 0.0171875 0.058333333333333334
0 0.3625 0.26944444444444443 0.015625 0.05555555555555555
0 0.3421875 0.25555555555555554 0.0125 0.041666666666666664
