0 0.440625 0.425 0.0421875 0.09722222222222222
0 0.31171875 0.43194444444444446 0.0375 0.08611111111111111
0 0.26875 0.3861111111111111 0.0296875 0.08888888888888889
0 0.290625 0.3611111111111111 0.025 0.06944444444444445
0 0.3265625 0.3416666666666667 0.021875 0.06388888888888888
0 0.34921875 0.3125 0.01875 0.06111111111111111
0 0.36953125 0.30833333333333335 0.0296875 0.07777777777777778
0 0.38984375 0.3 0.021875 0.06111111111111111
1 0.4265625 0.29444444444444445 0.0625 0.10555555555555556
0 0.72109375 0.3611111111111111 0.0578125 0.10833333333333334
0 0.9078125 0.29444444444444445 0.0640625 0.07777777777777778
0 0.77421875 0.2125 0.0421875 0.044444444444444446
0 0.59453125 0.18194444444444444 0.0203125 0.06388888888888888
0 0.30703125 0.3375 0.0234375 0.06944444444444445
0 0.2578125 0.7513888888888889 0.075 0.19166666666666668
0 0.12890625 0.6180555555555556 0.053125 0.14444444444444443
