0 0.20078125 0.4791666666666667 0.0375 0.1
0 0.8234375 0.24861111111111112 0.028125 0.06111111111111111
0 0.86953125 0.2152777777777778 0.021875 0.05277777777777778
1 0.290625 0.8208333333333333 0.1484375 0.2722222222222222
1 0.346875 0.4986111111111111 0.096875 0.1527777777777778
1 0.39140625 0.3736111111111111 0.046875 0.08055555555555556
1 0.34453125 0.24583333333333332 0.040625 0.05277777777777778
1 0.3609375 0.2722222222222222 0.034375 0.05277777777777778
2 0.39140625 0.3013888888888889 0.0515625 0.09166666666666666
3 0.65 0.4013888888888889 0.1140625 0.3
3 0.46640625 0.22916666666666666 0.075 0.1388888888888889
