3 0.6125 0.42777777777777776 0.1828125 0.36666666666666664
0 0.7546875 0.4638888888888889 0.040625 0.11388888888888889
0 0.834375 0.5638888888888889 0.0421875 0.1388888888888889
0 0.1546875 0.5166666666666667 0.0453125 0.10833333333333334
0 0.240625 0.425 0.0328125 0.10833333333333334
0 0.284375 0.37222222222222223 0.0234375 0.10833333333333334
0 0.084375 0.4083333333333333 0.0640625 0.08055555555555556
0 0.3640625 0.23055555555555557 0.0234375 0.06111111111111111
0 0.321875 0.25833333333333336 0.0234375 0.06666666666666667
0 0.690625 0.3111111111111111 0.021875 0.06944444444444445
