0 0.1875 0.8902777777777777 0.1 0.21944444444444444
1 0.41171875 0.43194444444444446 0.09375 0.18611111111111112
0 0.92109375 0.6625 0.0984375 0.21388888888888888
0 0.73203125 0.3333333333333333 0.0453125 0.09722222222222222
0 0.07578125 0.5291666666666667 0.05625 0.075
0 0.2453125 0.4111111111111111 0.0375 0.09444444444444444
0 0.25390625 0.5583333333333333 0.0453125 0.13333333333333333
0 0.32109375 0.5472222222222223 0.0578125 0.11666666666666667
3 0.64609375 0.4847222222222222 0.2546875 0.5305555555555556
0 0.3078125 0.36527777777777776 0.0234375 0.06666666666666667
0 0.31953125 0.31805555555555554 0.025 0.06388888888888888
1 0.528125 0.30416666666666664 0.0734375 0.1111111111111111
1 0.77578125 0.4722222222222222 0.0859375 0.17777777777777778
0 0.628125 0.23055555555555557 0.0265625 0.06944444444444445
0 0.35859375 0.2611111111111111 0.0234375 0.06666666666666667
0 0.32890625 0.2861111111111111 0.025 0.06388888888888888
