0 0.02578125 0.5111111111111111 0.0515625 0.16666666666666666
1 0.3640625 0.7805555555555556 0.178125 0.34444444444444444
1 0.45234375 0.46805555555555556 0.0875 0.15555555555555556
1 0.65234375 0.24861111111111112 0.0609375 0.06666666666666667
1 0.40625 0.26944444444444443 0.0453125 0.07777777777777778
1 0.48046875 0.34305555555555556 0.0609375 0.1
2 0.2796875 0.45 0.196875 0.36666666666666664
2 0.38125 0.20694444444444443 0.0734375 0.1
2 0.49140625 0.2902777777777778 0.0578125 0.07777777777777778
2 0.40625 0.26944444444444443 0.0484375 0.08611111111111111
