0 0.34765625 0.7152777777777778 0.0796875 0.19722222222222222
0 0.26796875 0.4236111111111111 0.04375 0.1388888888888889
0 0.29296875 0.2847222222222222 0.0328125 0.08888888888888889
0 0.45 0.41805555555555557 0.04375 0.13055555555555556
0 0.82109375 0.7875 0.0703125 0.19166666666666668
0 0.92578125 0.5180555555555556 0.0671875 0.09722222222222222
0 0.8125 0.3680555555555556 0.053125 0.07222222222222222
2 0.6265625 0.48194444444444445 0.1890625 0.475
3 0.628125 0.48055555555555557 0.1828125 0.4722222222222222
0 0.80390625 0.5347222222222222 0.0375 0.11388888888888889
0 0.7625 0.5680555555555555 0.0546875 0.15555555555555556
0 0.73125 0.4583333333333333 0.0296875 0.08055555555555556
0 0.74765625 0.39861111111111114 0.0265625 0.06388888888888888
0 0.33984375 0.22361111111111112 0.0296875 0.07777777777777778
0 0.42734375 0.1763888888888889 0.0375 0.075
0 0.46640625 0.25416666666666665 0.0359375 0.10277777777777777
0 0.71171875 0.3625 0.03125 0.08888888888888889
0 0.66953125 0.2861111111111111 0.0234375 0.05555555555555555
