1 0.65 0.65 0.2 0.45
0 0.6859375 0.3236111111111111 0.0375 0.12222222222222222
0 0.85078125 0.5305555555555556 0.06875 0.14444444444444443
0 0.74296875 0.325 0.0484375 0.1361111111111111
0 0.6359375 0.2875 0.0296875 0.09166666666666666
0 0.31796875 0.44166666666666665 0.0421875 0.11666666666666667
0 0.28046875 0.46111111111111114 0.0359375 0.10833333333333334
0 0.2671875 0.375 0.028125 0.06666666666666667
0 0.38203125 0.3333333333333333 0.0328125 0.09166666666666666
0 0.60703125 0.2375 0.040625 0.08888888888888889
0 0.58125 0.2152777777777778 0.03125 0.06666666666666667
0 0.36640625 0.2569444444444444 0.0296875 0.058333333333333334
0 0.45234375 0.24444444444444444 0.0328125 0.07777777777777778
0 0.34453125 0.28888888888888886 0.025 0.07222222222222222
0 0.9078125 0.27361111111111114 0.05625 0.08055555555555556
0 0.759375 0.2013888888888889 0.059375 0.08055555555555556
0 0.66484375 0.2111111111111111 0.025 0.07777777777777778
0 0.6421875 0.24027777777777778 0.0296875 0.08333333333333333
0 0.5328125 0.225 0.0359375 0.075
