1 0.60390625 0.4875 0.125 0.2222222222222222
0 0.66796875 0.30833333333333335 0.0296875 0.08055555555555556
0 0.86328125 0.7513888888888889 0.065625 0.14444444444444443
1 0.28203125 0.7180555555555556 0.2109375 0.46111111111111114
0 0.09921875 0.24583333333333332 0.05625 0.075
0 0.32734375 0.24444444444444444 0.0328125 0.075
0 0.35 0.25555555555555554 0.028125 0.06944444444444445
0 0.34453125 0.3333333333333333 0.03125 0.08333333333333333
0 0.39921875 0.2625 0.0296875 0.09722222222222222
0 0.4953125 0.24305555555555555 0.0625 0.09722222222222222
0 0.65390625 0.3458333333333333 0.0296875 0.07777777777777778
0 0.16953125 0.5791666666666667 0.0890625 0.2111111111111111
0 0.4234375 0.20694444444444443 0.028125 0.07777777777777778
