0 0.21875 0.35833333333333334 0.040625 0.09722222222222222
0 0.8546875 0.39166666666666666 0.0328125 0.08055555555555556
1 0.24921875 0.5958333333333333 0.146875 0.23055555555555557
1 0.39609375 0.2361111111111111 0.04375 0.06111111111111111
1 0.41484375 0.2708333333333333 0.0421875 0.07222222222222222
1 0.365625 0.22083333333333333 0.04375 0.058333333333333334
1 0.3453125 0.19166666666666668 0.040625 0.06111111111111111
2 0.36640625 0.37916666666666665 0.125 0.22777777777777777
2 0.30859375 0.15833333333333333 0.065625 0.08611111111111111
3 0.4953125 0.2777777777777778 0.0875 0.2111111111111111
