1 0.5859375 0.4222222222222222 0.08125 0.1527777777777778
0 0.47421875 0.2847222222222222 0.0421875 0.05555555555555555
0 0.42421875 0.37083333333333335 0.046875 0.10277777777777777
0 0.91953125 0.36527777777777776 0.0546875 0.07222222222222222
0 0.7828125 0.2708333333333333 0.0546875 0.06666666666666667
0 0.08984375 0.4638888888888889 0.053125 0.1111111111111111
0 0.9078125 0.5527777777777778 0.0515625 0.11666666666666667
0 0.79765625 0.5263888888888889 0.071875 0.09722222222222222
0 0.70703125 0.5236111111111111 0.0578125 0.12222222222222222
0 0.69765625 0.38472222222222224 0.0234375 0.08055555555555556
0 0.66171875 0.30416666666666664 0.028125 0.075
0 0.62734375 0.2222222222222222 0.034375 0.06111111111111111
0 0.909375 0.8166666666666667 0.1234375 0.24722222222222223
1 0.55703125 0.29583333333333334 0.053125 0.09722222222222222
0 0.36015625 0.23055555555555557 0.015625 0.05555555555555555
0 0.3359375 0.2513888888888889 0.01875 0.05555555555555555
