1 0.559375 0.29444444444444445 0.0640625 0.11944444444444445
0 0.515625 0.275 0.015625 0.06666666666666667
0 0.4765625 0.2722222222222222 0.03125 0.06111111111111111
0 0.2953125 0.3472222222222222 0.021875 0.08888888888888889
0 0.0765625 0.3972222222222222 0.053125 0.08055555555555556
0 0.209375 0.2916666666666667 0.0578125 0.06111111111111111
0 0.9078125 0.6555555555555556 0.0671875 0.15555555555555556
0 0.69375 0.3138888888888889 0.021875 0.06388888888888888
0 0.6609375 0.3055555555555556 0.0171875 0.06388888888888888
0 0.6421875 0.31666666666666665 0.0234375 0.05277777777777778
0 0.6109375 0.28055555555555556 0.0171875 0.05277777777777778
0 0.634375 0.2722222222222222 0.0234375 0.041666666666666664
0 0.5953125 0.2722222222222222 0.0203125 0.05
0 0.309375 0.3055555555555556 0.025 0.07222222222222222
