0 0.23671875 0.3861111111111111 0.0453125 0.11944444444444445
1 0.6078125 0.6680555555555555 0.15625 0.3416666666666667
0 0.85234375 0.9138888888888889 0.0921875 0.17222222222222222
0 0.846875 0.5875 0.0359375 0.11944444444444445
0 0.7875 0.5763888888888888 0.046875 0.1388888888888889
0 0.7390625 0.5777777777777777 0.046875 0.1361111111111111
0 0.74921875 0.4625 0.040625 0.08611111111111111
0 0.69375 0.4888888888888889 0.0421875 0.10277777777777777
0 0.64765625 0.44166666666666665 0.04375 0.1111111111111111
0 0.71328125 0.34444444444444444 0.0265625 0.05555555555555555
0 0.70546875 0.39305555555555555 0.0265625 0.05555555555555555
0 0.69375 0.3541666666666667 0.0234375 0.06944444444444445
0 0.665625 0.38333333333333336 0.0375 0.07222222222222222
0 0.63828125 0.3611111111111111 0.025 0.06944444444444445
0 0.646875 0.33194444444444443 0.028125 0.07222222222222222
0 0.60703125 0.3138888888888889 0.025 0.07222222222222222
1 0.56171875 0.33055555555555555 0.0765625 0.11666666666666667
0 0.92578125 0.4791666666666667 0.059375 0.06944444444444445
0 0.6703125 0.28055555555555556 0.0140625 0.058333333333333334
0 0.61875 0.24861111111111112 0.015625 0.044444444444444446
