3 0.5921875 0.35 0.09375 0.19444444444444445
1 0.58359375 0.22777777777777777 0.059375 0.07222222222222222
1 0.53046875 0.22083333333333333 0.0421875 0.06666666666666667
1 0.43046875 0.275 0.0375 0.08888888888888889
0 0.3140625 0.3527777777777778 0.040625 0.08333333333333333
0 0.32421875 0.44166666666666665 0.0375 0.10555555555555556
0 0.07578125 0.41805555555555557 0.0765625 0.075
0 0.10546875 0.6125 0.053125 0.14444444444444443
0 0.33828125 0.2833333333333333 0.0234375 0.06666666666666667
0 0.39453125 0.25833333333333336 0.0171875 0.06666666666666667
0 0.37890625 0.24861111111111112 0.0171875 0.06666666666666667
0 0.36328125 0.23194444444444445 0.0140625 0.06111111111111111
