0 0.1203125 0.4222222222222222 0.03125 0.10555555555555556
1 0.5515625 0.5222222222222223 0.0875 0.16111111111111112
1 0.5359375 0.38055555555555554 0.059375 0.11388888888888889
1 0.596875 0.30833333333333335 0.046875 0.06666666666666667
1 0.4921875 0.22777777777777777 0.05625 0.04722222222222222
1 0.8703125 0.9333333333333333 0.2 0.11388888888888889
1 0.55625 0.2833333333333333 0.046875 0.07222222222222222
1 0.6296875 0.2833333333333333 0.0421875 0.058333333333333334
1 0.609375 0.36944444444444446 0.05625 0.09722222222222222
1 0.66875 0.24166666666666667 0.0390625 0.05
1 0.5578125 0.25277777777777777 0.046875 0.058333333333333334
1 0.51875 0.32222222222222224 0.046875 0.06388888888888888
2 0.7296875 0.6027777777777777 0.1625 0.29444444444444445
