1 0.4234375 0.5277777777777778 0.1109375 0.20277777777777778
3 0.41484375 0.2972222222222222 0.1046875 0.24722222222222223
0 0.15546875 0.7486111111111111 0.078125 0.17222222222222222
0 0.91171875 0.3013888888888889 0.0546875 0.08888888888888889
0 0.61484375 0.2361111111111111 0.0265625 0.06944444444444445
1 0.3578125 0.3388888888888889 0.0484375 0.09722222222222222
0 0.30390625 0.4513888888888889 0.0390625 0.09166666666666666
0 0.29609375 0.39166666666666666 0.025 0.06666666666666667
0 0.3078125 0.3458333333333333 0.025 0.06944444444444445
0 0.33515625 0.2916666666666667 0.0203125 0.05277777777777778
