0 0.85703125 0.6763888888888889 0.0640625 0.19444444444444445
0 0.58125 0.5902777777777778 0.0515625 0.15
3 0.40390625 0.3638888888888889 0.15 0.38055555555555554
0 0.1625 0.5305555555555556 0.0421875 0.11666666666666667
0 0.24375 0.5180555555555556 0.05 0.125
0 0.30390625 0.4083333333333333 0.0375 0.11944444444444445
0 0.26015625 0.41388888888888886 0.0390625 0.11666666666666667
0 0.2859375 0.3263888888888889 0.03125 0.09166666666666666
0 0.73515625 0.3347222222222222 0.034375 0.10833333333333334
0 0.55859375 0.2902777777777778 0.025 0.08888888888888889
0 0.67265625 0.24444444444444444 0.028125 0.08055555555555556
0 0.078125 0.4708333333333333 0.0546875 0.08888888888888889
0 0.2 0.3263888888888889 0.046875 0.044444444444444446
0 0.31328125 0.33611111111111114 0.025 0.07777777777777778
0 0.31953125 0.28055555555555556 0.0265625 0.06388888888888888
0 0.64921875 0.2125 0.025 0.07222222222222222
