0 0.44609375 0.2972222222222222 0.0484375 0.08333333333333333
0 0.54609375 0.31666666666666665 0.025 0.07777777777777778
0 0.3046875 0.40694444444444444 0.0296875 0.09444444444444444
0 0.2171875 0.5819444444444445 0.053125 0.14444444444444443
0 0.0890625 0.3888888888888889 0.0703125 0.08611111111111111
0 0.27421875 0.35833333333333334 0.021875 0.1
0 0.3625 0.3194444444444444 0.0453125 0.08888888888888889
0 0.325 0.25 0.0234375 0.06111111111111111
0 0.4125 0.2638888888888889 0.0203125 0.07222222222222222
0 0.3671875 0.24444444444444444 0.021875 0.06944444444444445
0 0.37734375 0.225 0.01875 0.06111111111111111
0 0.38125 0.18194444444444444 0.0140625 0.04722222222222222
0 0.39140625 0.23472222222222222 0.0171875 0.06666666666666667
0 0.30625 0.3347222222222222 0.0234375 0.06388888888888888
0 0.76953125 0.6222222222222222 0.0546875 0.175
