0 0.15 0.2388888888888889 0.01875 0.05277777777777778
0 0.7765625 0.41944444444444445 0.0296875 0.09166666666666666
1 0.603125 0.35 0.046875 0.08888888888888889
1 0.5328125 0.22777777777777777 0.05625 0.05277777777777778
1 0.61875 0.2388888888888889 0.04375 0.05277777777777778
1 0.3796875 0.21666666666666667 0.053125 0.05
1 0.6875 0.25277777777777777 0.0375 0.05
2 0.759375 0.6694444444444444 0.1921875 0.33055555555555555
2 0.5546875 0.4638888888888889 0.096875 0.21944444444444444
2 0.603125 0.29444444444444445 0.0515625 0.09444444444444444
1 0.5203125 0.31666666666666665 0.0359375 0.058333333333333334
