1 0.41796875 0.3388888888888889 0.0640625 0.1361111111111111
3 0.59140625 0.29305555555555557 0.0765625 0.14166666666666666
0 0.2390625 0.45416666666666666 0.0421875 0.13333333333333333
0 0.1609375 0.7166666666666667 0.1078125 0.25277777777777777
0 0.08203125 0.30833333333333335 0.0546875 0.07222222222222222
0 0.303125 0.2777777777777778 0.0515625 0.09722222222222222
0 0.353125 0.3194444444444444 0.040625 0.09722222222222222
0 0.44453125 0.21388888888888888 0.0265625 0.075
0 0.3890625 0.23194444444444445 0.021875 0.075
0 0.41015625 0.20555555555555555 0.0234375 0.058333333333333334
1 0.53359375 0.2222222222222222 0.0484375 0.07777777777777778
0 0.3625 0.23472222222222222 0.0203125 0.07222222222222222
0 0.6734375 0.26944444444444443 0.0203125 0.058333333333333334
