1 0.66171875 0.5652777777777778 0.109375 0.18611111111111112
1 0.54296875 0.43333333333333335 0.075 0.13333333333333333
1 0.69765625 0.3333333333333333 0.0359375 0.05277777777777778
1 0.59765625 0.28888888888888886 0.04375 0.06944444444444445
1 0.66015625 0.2986111111111111 0.046875 0.06388888888888888
2 0.809375 0.8611111111111112 0.303125 0.2777777777777778
2 0.63359375 0.40694444444444444 0.084375 0.1527777777777778
3 0.55 0.2125 0.096875 0.11388888888888889
3 0.553125 0.30277777777777776 0.071875 0.15
1 0.26953125 0.2263888888888889 0.071875 0.12222222222222222
