1 0.33046875 0.8277777777777777 0.1890625 0.2972222222222222
1 0.32421875 0.49027777777777776 0.1 0.1638888888888889
1 0.478125 0.41944444444444445 0.0875 0.15
1 0.4125 0.2875 0.046875 0.08055555555555556
1 0.05859375 0.5166666666666667 0.1171875 0.20555555555555555
1 0.409375 0.3263888888888889 0.046875 0.06666666666666667
1 0.40546875 0.38055555555555554 0.0640625 0.11388888888888889
1 0.41171875 0.25972222222222224 0.0453125 0.06388888888888888
2 0.21640625 0.6305555555555555 0.2484375 0.42777777777777776
2 0.40546875 0.38055555555555554 0.0640625 0.11388888888888889
2 0.33828125 0.19027777777777777 0.0546875 0.075
3 0.44296875 0.18611111111111112 0.1078125 0.13055555555555556
