1 0.55625 0.28888888888888886 0.0609375 0.12222222222222222
0 0.7328125 0.5027777777777778 0.0421875 0.11666666666666667
0 0.7359375 0.37777777777777777 0.034375 0.1111111111111111
0 0.6953125 0.3111111111111111 0.021875 0.07222222222222222
0 0.68125 0.29444444444444445 0.0203125 0.075
0 0.6578125 0.3111111111111111 0.0328125 0.08333333333333333
0 0.6359375 0.275 0.028125 0.06388888888888888
0 0.615625 0.28055555555555556 0.0328125 0.07222222222222222
0 0.59375 0.2833333333333333 0.0203125 0.06944444444444445
0 0.315625 0.3277777777777778 0.03125 0.09722222222222222
0 0.075 0.4083333333333333 0.0765625 0.08333333333333333
0 0.2109375 0.2833333333333333 0.053125 0.041666666666666664
0 0.359375 0.25 0.025 0.06666666666666667
0 0.7671875 0.35833333333333334 0.021875 0.09166666666666666
