0 0.76328125 0.5527777777777778 0.053125 0.13055555555555556
0 0.7109375 0.37083333333333335 0.0328125 0.09722222222222222
0 0.68671875 0.2722222222222222 0.0296875 0.08333333333333333
0 0.61640625 0.28194444444444444 0.0234375 0.075
0 0.07578125 0.40694444444444444 0.05625 0.06666666666666667
0 0.21171875 0.30277777777777776 0.0390625 0.06111111111111111
0 0.0859375 0.7847222222222222 0.10625 0.22777777777777777
0 0.96015625 0.44166666666666665 0.065625 0.10555555555555556
0 0.59453125 0.24166666666666667 0.0203125 0.06388888888888888
0 0.6078125 0.21388888888888888 0.015625 0.05
0 0.62890625 0.24861111111111112 0.0203125 0.06666666666666667
0 0.39140625 0.24166666666666667 0.01875 0.06388888888888888
