0 0.61171875 0.6236111111111111 0.0578125 0.15833333333333333
0 0.8703125 0.625 0.1 0.20833333333333334
0 0.14140625 0.5444444444444444 0.078125 0.20555555555555555
0 0.28359375 0.31527777777777777 0.0453125 0.09444444444444444
0 0.3515625 0.3958333333333333 0.028125 0.09166666666666666
0 0.37890625 0.2861111111111111 0.0296875 0.09444444444444444
0 0.09375 0.3472222222222222 0.0859375 0.11388888888888889
0 0.41796875 0.24722222222222223 0.0328125 0.08611111111111111
0 0.53671875 0.23194444444444445 0.0203125 0.07222222222222222
0 0.61640625 0.2 0.01875 0.058333333333333334
0 0.59921875 0.2111111111111111 0.0203125 0.06388888888888888
0 0.29609375 0.42916666666666664 0.0328125 0.11666666666666667
0 0.3703125 0.20694444444444443 0.0203125 0.06666666666666667
0 0.396875 0.20555555555555555 0.021875 0.06388888888888888
