0 0.740625 0.4166666666666667 0.0375 0.08888888888888889
0 0.490625 0.25 0.034375 0.07222222222222222
1 0.4234375 0.3111111111111111 0.0578125 0.11388888888888889
0 0.20625 0.5722222222222222 0.0453125 0.14722222222222223
0 0.3 0.35 0.025 0.08888888888888889
0 0.36875 0.35555555555555557 0.028125 0.10277777777777777
0 0.0796875 0.3972222222222222 0.053125 0.075
0 0.1859375 0.7944444444444444 0.0703125 0.2611111111111111
0 0.3796875 0.26666666666666666 0.025 0.08611111111111111
0 0.3671875 0.2111111111111111 0.0140625 0.06944444444444445
0 0.3828125 0.20833333333333334 0.015625 0.06111111111111111
0 0.4125 0.21666666666666667 0.021875 0.07222222222222222
0 0.9125 0.8138888888888889 0.0734375 0.19444444444444445
