0 0.26640625 0.7347222222222223 0.0828125 0.20555555555555555
0 0.19921875 0.7291666666666666 0.065625 0.18333333333333332
0 0.13125 0.6972222222222222 0.0671875 0.15833333333333333
0 0.08125 0.5347222222222222 0.06875 0.11666666666666667
0 0.19140625 0.3763888888888889 0.053125 0.06111111111111111
0 0.28359375 0.4263888888888889 0.0546875 0.10555555555555556
0 0.1828125 0.5458333333333333 0.0609375 0.10277777777777777
0 0.23125 0.5444444444444444 0.034375 0.09444444444444444
0 0.315625 0.3861111111111111 0.0296875 0.09166666666666666
0 0.34453125 0.43333333333333335 0.040625 0.11388888888888889
0 0.28828125 0.3638888888888889 0.034375 0.06944444444444445
0 0.4 0.3111111111111111 0.0359375 0.07222222222222222
0 0.6671875 0.21666666666666667 0.025 0.08055555555555556
0 0.61015625 0.21666666666666667 0.04375 0.09722222222222222
0 0.69921875 0.6861111111111111 0.0703125 0.24444444444444444
0 0.365625 0.2777777777777778 0.025 0.06944444444444445
0 0.334375 0.3013888888888889 0.0265625 0.07222222222222222
