0 0.403125 0.5055555555555555 0.0328125 0.11666666666666667
0 0.0265625 0.5194444444444445 0.040625 0.12777777777777777
1 0.6046875 0.7222222222222222 0.1375 0.2611111111111111
1 0.7 0.6166666666666667 0.1234375 0.175
1 0.528125 0.45 0.065625 0.11944444444444445
1 0.5171875 0.3333333333333333 0.046875 0.06944444444444445
1 0.60625 0.40555555555555556 0.0609375 0.10277777777777777
1 0.540625 0.26666666666666666 0.0421875 0.06111111111111111
1 0.5984375 0.3 0.0421875 0.06666666666666667
1 0.6203125 0.26666666666666666 0.0390625 0.044444444444444446
3 0.55 0.2 0.1140625 0.07777777777777778
1 0.3171875 0.32222222222222224 0.05 0.07777777777777778
