0 0.8859375 0.35 0.0234375 0.06111111111111111
1 0.27890625 0.5666666666666667 0.1421875 0.23055555555555557
1 0.40859375 0.41805555555555557 0.08125 0.14444444444444443
1 0.43828125 0.3055555555555556 0.0578125 0.09444444444444444
1 0.446875 0.20416666666666666 0.0421875 0.05
1 0.33125 0.1875 0.0421875 0.06388888888888888
2 0.60234375 0.2388888888888889 0.1375 0.14444444444444443
2 0.396875 0.22777777777777777 0.053125 0.08333333333333333
2 0.50234375 0.28055555555555556 0.065625 0.13055555555555556
2 0.33125 0.1875 0.040625 0.06111111111111111
3 0.50234375 0.28055555555555556 0.0609375 0.12222222222222222
