0 0.16484375 0.5111111111111111 0.0359375 0.09444444444444444
1 0.63671875 0.7166666666666667 0.184375 0.36944444444444446
1 0.628125 0.40555555555555556 0.0875 0.1527777777777778
1 0.7484375 0.55 0.15625 0.25
1 0.56015625 0.3194444444444444 0.0609375 0.10833333333333334
1 0.55703125 0.25416666666666665 0.0515625 0.08333333333333333
1 0.9296875 0.7319444444444444 0.140625 0.19166666666666668
2 0.4796875 0.21666666666666667 0.128125 0.13055555555555556
2 0.671875 0.15416666666666667 0.0453125 0.06944444444444445
2 0.64375 0.18472222222222223 0.0453125 0.08611111111111111
3 0.51640625 0.24027777777777778 0.0625 0.10555555555555556
