0 0.7046875 0.2833333333333333 0.0171875 0.058333333333333334
1 0.6375 0.8222222222222222 0.190625 0.3472222222222222
1 0.559375 0.5083333333333333 0.0875 0.16111111111111112
1 0.6203125 0.35 0.053125 0.08611111111111111
1 0.4875 0.225 0.0578125 0.05277777777777778
2 0.85625 0.7444444444444445 0.2859375 0.5083333333333333
2 0.6109375 0.25833333333333336 0.06875 0.1
2 0.7 0.22777777777777777 0.0484375 0.05
3 0.315625 0.5611111111111111 0.2125 0.5888888888888889
1 0.528125 0.3527777777777778 0.05 0.09166666666666666
