0 0.20390625 0.7347222222222223 0.0875 0.24444444444444444
0 0.18515625 0.5013888888888889 0.059375 0.19722222222222222
0 0.3046875 0.45416666666666666 0.05625 0.11666666666666667
0 0.08984375 0.30972222222222223 0.0625 0.075
0 0.22578125 0.22777777777777777 0.059375 0.08055555555555556
0 0.34375 0.25 0.021875 0.08333333333333333
1 0.4640625 0.27361111111111114 0.0578125 0.11666666666666667
0 0.5390625 0.28194444444444444 0.05625 0.08611111111111111
0 0.67421875 0.375 0.0328125 0.09722222222222222
0 0.90703125 0.7597222222222222 0.05625 0.16666666666666666
0 0.85078125 0.8708333333333333 0.0671875 0.2222222222222222
