0 0.2375 0.625 0.0515625 0.15555555555555556
0 0.075 0.5819444444444445 0.0625 0.08888888888888889
3 0.559375 0.325 0.1640625 0.34444444444444444
0 0.4203125 0.3458333333333333 0.034375 0.09722222222222222
0 0.81484375 0.3888888888888889 0.046875 0.125
0 0.88359375 0.5847222222222223 0.0984375 0.21944444444444444
1 0.64765625 0.3138888888888889 0.0765625 0.1361111111111111
0 0.7421875 0.32916666666666666 0.05 0.10555555555555556
0 0.70859375 0.24166666666666667 0.0375 0.09166666666666666
0 0.6796875 0.24305555555555555 0.0296875 0.07777777777777778
0 0.6421875 0.21388888888888888 0.03125 0.08333333333333333
0 0.6234375 0.20833333333333334 0.028125 0.075
0 0.6578125 0.2125 0.03125 0.08611111111111111
