1 0.3765625 0.6083333333333333 0.1140625 0.21944444444444444
1 0.571875 0.3527777777777778 0.0734375 0.11944444444444445
0 0.8390625 0.7333333333333333 0.071875 0.21666666666666667
0 0.753125 0.5055555555555555 0.046875 0.125
0 0.8 0.48333333333333334 0.0515625 0.1111111111111111
0 0.7 0.3194444444444444 0.034375 0.07777777777777778
0 0.6453125 0.3861111111111111 0.028125 0.09722222222222222
0 0.621875 0.2972222222222222 0.0203125 0.06388888888888888
0 0.65625 0.2833333333333333 0.0171875 0.06944444444444445
0 0.6796875 0.2722222222222222 0.0234375 0.06111111111111111
0 0.3265625 0.38333333333333336 0.028125 0.10277777777777777
0 0.3875 0.3388888888888889 0.03125 0.11666666666666667
0 0.275 0.39444444444444443 0.040625 0.1
0 0.359375 0.3 0.0171875 0.06944444444444445
0 0.084375 0.3972222222222222 0.059375 0.07222222222222222
0 0.209375 0.2861111111111111 0.040625 0.04722222222222222
0 0.2703125 0.525 0.05 0.14166666666666666
0 0.1109375 0.7638888888888888 0.0875 0.22777777777777777
0 0.340625 0.2777777777777778 0.01875 0.07777777777777778
0 0.5140625 0.25833333333333336 0.0203125 0.06666666666666667
