1 0.5359375 0.3625 0.0640625 0.10833333333333334
1 0.55703125 0.5152777777777777 0.0734375 0.125
1 0.5984375 0.24166666666666667 0.0484375 0.05
1 0.51484375 0.21805555555555556 0.0625 0.06666666666666667
2 0.61640625 0.3458333333333333 0.0609375 0.10555555555555556
2 0.80703125 0.7347222222222223 0.3734375 0.5305555555555556
2 0.6625 0.4708333333333333 0.115625 0.20555555555555555
2 0.63203125 0.7652777777777777 0.3171875 0.46944444444444444
3 0.625 0.28055555555555556 0.053125 0.09166666666666666
3 0.6625 0.4708333333333333 0.1203125 0.21388888888888888
