1 0.415625 0.5722222222222222 0.109375 0.19722222222222222
1 0.309375 0.44305555555555554 0.078125 0.1527777777777778
3 0.4265625 0.3527777777777778 0.0859375 0.18888888888888888
1 0.38046875 0.8875 0.1546875 0.225
1 0.134375 0.8722222222222222 0.24375 0.25555555555555554
0 0.33671875 0.30833333333333335 0.0265625 0.06111111111111111
0 0.32109375 0.34444444444444444 0.0234375 0.058333333333333334
0 0.30546875 0.3402777777777778 0.0203125 0.06111111111111111
0 0.24296875 0.38333333333333336 0.0359375 0.08333333333333333
1 0.5625 0.3 0.05625 0.125
0 0.9125 0.3388888888888889 0.0640625 0.06388888888888888
0 0.78203125 0.2388888888888889 0.0375 0.044444444444444446
0 0.73984375 0.4013888888888889 0.0375 0.14166666666666666
0 0.6015625 0.2 0.0234375 0.06111111111111111
