1 0.3671875 0.6041666666666666 0.1015625 0.2
0 0.29453125 0.4638888888888889 0.040625 0.10277777777777777
0 0.19296875 0.7916666666666666 0.0734375 0.18888888888888888
1 0.403125 0.28055555555555556 0.04375 0.06944444444444445
0 0.38515625 0.36666666666666664 0.03125 0.08888888888888889
0 0.68203125 0.3 0.0421875 0.10833333333333334
0 0.75078125 0.4361111111111111 0.053125 0.15555555555555556
0 0.60390625 0.23055555555555557 0.0328125 0.08611111111111111
0 0.6546875 0.21944444444444444 0.0328125 0.08333333333333333
0 0.36015625 0.28055555555555556 0.0234375 0.058333333333333334
0 0.81015625 0.38055555555555554 0.05 0.1388888888888889
