0 0.925 0.48194444444444445 0.065625 0.08055555555555556
0 0.6765625 0.3541666666666667 0.0328125 0.09722222222222222
0 0.6421875 0.3875 0.03125 0.1
0 0.3671875 0.30416666666666664 0.0359375 0.08333333333333333
0 0.378125 0.22083333333333333 0.028125 0.08611111111111111
0 0.4765625 0.2611111111111111 0.0296875 0.07777777777777778
0 0.63203125 0.29305555555555557 0.0296875 0.075
0 0.65625 0.2722222222222222 0.0265625 0.07222222222222222
0 0.18203125 0.4263888888888889 0.0609375 0.1361111111111111
0 0.60078125 0.25972222222222224 0.025 0.06944444444444445
0 0.64921875 0.2125 0.01875 0.05
