0 0.375 0.3638888888888889 0.0203125 0.07777777777777778
1 0.8390625 0.8527777777777777 0.2234375 0.28888888888888886
1 0.540625 0.4638888888888889 0.0796875 0.14722222222222223
1 0.6375 0.7555555555555555 0.15625 0.2861111111111111
1 0.6125 0.38333333333333336 0.0625 0.08611111111111111
1 0.66875 0.49166666666666664 0.103125 0.14722222222222223
1 0.534375 0.3527777777777778 0.053125 0.08611111111111111
2 0.671875 0.22777777777777777 0.084375 0.09444444444444444
2 0.5625 0.24444444444444444 0.0828125 0.10555555555555556
3 0.6109375 0.2972222222222222 0.0640625 0.09166666666666666
0 0.24375 0.5944444444444444 0.053125 0.15
