1 0.603125 0.6861111111111111 0.1375 0.25555555555555554
1 0.80625 0.7805555555555556 0.2 0.2722222222222222
1 0.634375 0.46111111111111114 0.0875 0.15
1 0.625 0.3638888888888889 0.0515625 0.08333333333333333
2 0.728125 0.23055555555555557 0.0515625 0.06111111111111111
2 0.53125 0.3638888888888889 0.065625 0.14444444444444443
3 0.528125 0.3638888888888889 0.0671875 0.15
3 0.284375 0.2611111111111111 0.0875 0.18888888888888888
0 0.7609375 0.39444444444444443 0.021875 0.07777777777777778
0 0.7046875 0.32222222222222224 0.025 0.08055555555555556
