0 0.703125 0.2777777777777778 0.01875 0.05555555555555555
1 0.76875 0.7555555555555555 0.19375 0.30833333333333335
1 0.659375 0.25277777777777777 0.04375 0.05277777777777778
1 0.578125 0.6111111111111112 0.109375 0.22777777777777777
1 0.6125 0.9055555555555556 0.1765625 0.16666666666666666
1 0.5265625 0.37777777777777777 0.0546875 0.10833333333333334
1 0.603125 0.325 0.0453125 0.058333333333333334
1 0.6125 0.2722222222222222 0.040625 0.044444444444444446
1 0.64375 0.4583333333333333 0.0921875 0.15
1 0.61875 0.37777777777777777 0.0484375 0.06666666666666667
2 0.446875 0.21388888888888888 0.1359375 0.09722222222222222
3 0.6359375 0.225 0.0546875 0.07777777777777778
