0 0.7703125 0.525 0.0375 0.11666666666666667
0 0.8578125 0.5805555555555556 0.04375 0.11944444444444445
0 0.778125 0.4083333333333333 0.028125 0.10277777777777777
2 0.55625 0.2638888888888889 0.0765625 0.1388888888888889
0 0.3140625 0.39444444444444443 0.0390625 0.11388888888888889
0 0.3 0.5611111111111111 0.0390625 0.175
0 0.2453125 0.49722222222222223 0.0484375 0.12777777777777777
0 0.203125 0.42777777777777776 0.0375 0.06944444444444445
0 0.1875 0.5 0.0390625 0.08055555555555556
1 0.1640625 0.7611111111111111 0.1671875 0.40555555555555556
0 0.06875 0.39444444444444443 0.0359375 0.044444444444444446
0 0.3265625 0.28888888888888886 0.028125 0.08333333333333333
0 0.35625 0.3333333333333333 0.0234375 0.08055555555555556
0 0.4234375 0.3388888888888889 0.0296875 0.10277777777777777
0 0.36875 0.25 0.025 0.07777777777777778
0 0.3875 0.25833333333333336 0.0203125 0.05555555555555555
0 0.428125 0.25555555555555554 0.034375 0.08055555555555556
0 0.375 0.36666666666666664 0.021875 0.08055555555555556
0 0.3859375 0.18888888888888888 0.015625 0.041666666666666664
0 0.3890625 0.46111111111111114 0.028125 0.09166666666666666
0 0.65625 0.225 0.015625 0.06111111111111111
0 0.63125 0.2111111111111111 0.015625 0.058333333333333334
