0 0.6796875 0.45 0.034375 0.1361111111111111
0 0.59375 0.4361111111111111 0.0296875 0.10833333333333334
0 0.625 0.3111111111111111 0.021875 0.05555555555555555
0 0.59375 0.28888888888888886 0.0171875 0.06388888888888888
0 0.5359375 0.2916666666666667 0.0234375 0.05
1 0.453125 0.26666666666666666 0.053125 0.11944444444444445
0 0.3328125 0.28055555555555556 0.0140625 0.05555555555555555
0 0.840625 0.5361111111111111 0.03125 0.125
0 0.621875 0.25555555555555554 0.0171875 0.05
0 0.59375 0.22777777777777777 0.0171875 0.044444444444444446
0 0.628125 0.21666666666666667 0.0140625 0.03611111111111111
