3 0.96875 0.8222222222222222 0.0625 0.35555555555555557
3 0.465625 0.2833333333333333 0.0609375 0.12222222222222222
1 0.43125 0.5666666666666667 0.1171875 0.18333333333333332
1 0.3359375 0.8333333333333334 0.190625 0.33055555555555555
1 0.1203125 0.8694444444444445 0.2390625 0.25833333333333336
1 0.475 0.35555555555555557 0.0453125 0.07222222222222222
3 0.7625 0.7444444444444445 0.253125 0.5111111111111111
0 0.240625 0.4222222222222222 0.0296875 0.08055555555555556
2 0.3203125 0.5055555555555555 0.11875 0.2111111111111111
3 0.378125 0.3416666666666667 0.0703125 0.1361111111111111
