1 0.63515625 0.38333333333333336 0.090625 0.16666666666666666
0 0.25 0.49722222222222223 0.028125 0.1111111111111111
0 0.1625 0.6736111111111112 0.0625 0.14722222222222223
0 0.3328125 0.37777777777777777 0.0328125 0.09166666666666666
0 0.8609375 0.4097222222222222 0.0515625 0.16666666666666666
0 0.81328125 0.4625 0.0640625 0.16111111111111112
0 0.72578125 0.29583333333333334 0.0359375 0.09166666666666666
0 0.67109375 0.25555555555555554 0.04375 0.08888888888888889
0 0.61015625 0.24166666666666667 0.0265625 0.07777777777777778
0 0.62890625 0.2111111111111111 0.021875 0.058333333333333334
0 0.77890625 0.20555555555555555 0.0390625 0.075
0 0.90703125 0.2902777777777778 0.078125 0.1
0 0.96796875 0.5583333333333333 0.0640625 0.1388888888888889
1 0.3734375 0.9236111111111112 0.16875 0.1527777777777778
0 0.775 0.39444444444444443 0.05625 0.15555555555555556
0 0.709375 0.4152777777777778 0.05 0.14722222222222223
0 0.603125 0.16111111111111112 0.021875 0.06666666666666667
0 0.55625 0.2111111111111111 0.0234375 0.06944444444444445
0 0.24375 0.4097222222222222 0.0328125 0.09444444444444444
0 0.30625 0.3125 0.028125 0.07777777777777778
0 0.32421875 0.2652777777777778 0.01875 0.05555555555555555
