3 0.35546875 0.5611111111111111 0.225 0.5194444444444445
0 0.27578125 0.3 0.0484375 0.11944444444444445
0 0.31953125 0.24861111111111112 0.0296875 0.07222222222222222
0 0.33671875 0.2986111111111111 0.04375 0.1
0 0.365625 0.2513888888888889 0.0265625 0.075
0 0.40546875 0.2611111111111111 0.028125 0.075
0 0.7578125 0.49166666666666664 0.040625 0.09722222222222222
0 0.609375 0.5194444444444445 0.046875 0.1111111111111111
0 0.12734375 0.5555555555555556 0.0765625 0.18888888888888888
0 0.17890625 0.6361111111111111 0.0890625 0.225
0 0.1328125 0.44027777777777777 0.0515625 0.09722222222222222
0 0.2859375 0.41805555555555557 0.05 0.1361111111111111
1 0.47734375 0.22916666666666666 0.0484375 0.09444444444444444
0 0.40859375 0.20277777777777778 0.01875 0.041666666666666664
