3 0.6109375 0.41944444444444445 0.2265625 0.48055555555555557
0 0.7953125 0.44166666666666665 0.0515625 0.14166666666666666
0 0.94453125 0.6166666666666667 0.0734375 0.17222222222222222
0 0.7265625 0.42916666666666664 0.05 0.14166666666666666
0 0.7046875 0.3236111111111111 0.0421875 0.09722222222222222
0 0.67734375 0.25277777777777777 0.03125 0.06666666666666667
1 0.5203125 0.30694444444444446 0.046875 0.09166666666666666
0 0.23515625 0.48194444444444445 0.0515625 0.1111111111111111
0 0.18671875 0.6208333333333333 0.04375 0.09166666666666666
0 0.271875 0.40555555555555556 0.05 0.11944444444444445
0 0.30703125 0.36527777777777776 0.0265625 0.07777777777777778
0 0.06875 0.5333333333333333 0.065625 0.1
0 0.340625 0.2569444444444444 0.03125 0.09722222222222222
