1 0.371875 0.5194444444444445 0.09375 0.21944444444444444
3 0.55625 0.23055555555555557 0.059375 0.125
0 0.6171875 0.2638888888888889 0.021875 0.07222222222222222
0 0.303125 0.40555555555555556 0.028125 0.10833333333333334
0 0.3046875 0.33055555555555555 0.0265625 0.06388888888888888
0 0.334375 0.33611111111111114 0.0265625 0.08888888888888889
0 0.3625 0.275 0.0203125 0.05555555555555555
0 0.4140625 0.2777777777777778 0.0375 0.07777777777777778
0 0.246875 0.5777777777777777 0.0484375 0.12777777777777777
0 0.2203125 0.4305555555555556 0.0375 0.1
0 0.071875 0.39166666666666666 0.0484375 0.06111111111111111
