0 0.41484375 0.4083333333333333 0.0359375 0.1111111111111111
0 0.31640625 0.3972222222222222 0.0265625 0.09444444444444444
0 0.253125 0.36666666666666664 0.0328125 0.09166666666666666
0 0.296875 0.3236111111111111 0.0234375 0.075
0 0.334375 0.3 0.021875 0.06666666666666667
0 0.34921875 0.2569444444444444 0.0203125 0.06944444444444445
0 0.39609375 0.2833333333333333 0.0265625 0.05277777777777778
0 0.44453125 0.28194444444444444 0.0296875 0.06944444444444445
0 0.2546875 0.6347222222222222 0.0421875 0.12777777777777777
0 0.31640625 0.7361111111111112 0.0453125 0.19166666666666668
0 0.2046875 0.5319444444444444 0.0359375 0.1388888888888889
0 0.07421875 0.3888888888888889 0.0640625 0.08611111111111111
0 0.6734375 0.37222222222222223 0.0265625 0.09166666666666666
0 0.66640625 0.26666666666666666 0.0125 0.044444444444444446
0 0.48359375 0.25555555555555554 0.015625 0.06388888888888888
0 0.38828125 0.22361111111111112 0.015625 0.044444444444444446
0 0.371875 0.17916666666666667 0.0140625 0.025
