1 0.5890625 0.55 0.10625 0.19444444444444445
1 0.684375 0.3972222222222222 0.075 0.14722222222222223
3 0.5609375 0.33611111111111114 0.084375 0.18611111111111112
1 0.65 0.8694444444444445 0.1453125 0.2361111111111111
1 0.88984375 0.8180555555555555 0.2203125 0.30277777777777776
0 0.646875 0.26944444444444443 0.028125 0.06388888888888888
0 0.66484375 0.3013888888888889 0.01875 0.05555555555555555
0 0.68046875 0.29444444444444445 0.01875 0.06111111111111111
0 0.7453125 0.32083333333333336 0.0375 0.08611111111111111
1 0.42265625 0.31805555555555554 0.046875 0.11388888888888889
0 0.07890625 0.44166666666666665 0.0640625 0.06388888888888888
0 0.2 0.3111111111111111 0.0359375 0.041666666666666664
0 0.2546875 0.46111111111111114 0.0390625 0.1388888888888889
0 0.3765625 0.22777777777777777 0.0203125 0.058333333333333334
