1 0.684375 0.575 0.1078125 0.17222222222222222
1 0.5671875 0.5444444444444444 0.08125 0.1527777777777778
1 0.603125 0.37222222222222223 0.0578125 0.09166666666666666
1 0.58125 0.2916666666666667 0.04375 0.06111111111111111
1 0.5265625 0.3388888888888889 0.0546875 0.08333333333333333
2 0.878125 0.8944444444444445 0.2140625 0.20277777777777778
2 0.6296875 0.24444444444444444 0.04375 0.06666666666666667
0 0.228125 0.34444444444444444 0.03125 0.09444444444444444
0 0.178125 0.34444444444444444 0.0234375 0.07777777777777778
0 0.709375 0.3055555555555556 0.0234375 0.07222222222222222
