0 0.61015625 0.4736111111111111 0.040625 0.11388888888888889
0 0.265625 0.4 0.0453125 0.12222222222222222
0 0.346875 0.2152777777777778 0.03125 0.08333333333333333
0 0.9359375 0.5541666666666667 0.065625 0.09722222222222222
0 0.671875 0.5083333333333333 0.0421875 0.1388888888888889
0 0.74375 0.5472222222222223 0.0390625 0.08888888888888889
0 0.80546875 0.5777777777777777 0.04375 0.08888888888888889
0 0.7671875 0.7513888888888889 0.0921875 0.16666666666666666
0 0.65859375 0.37777777777777777 0.0328125 0.08611111111111111
0 0.72734375 0.3875 0.03125 0.07222222222222222
0 0.5890625 0.32916666666666666 0.0359375 0.08611111111111111
0 0.65625 0.2777777777777778 0.0234375 0.04722222222222222
0 0.6921875 0.3347222222222222 0.0265625 0.06944444444444445
0 0.61796875 0.2722222222222222 0.025 0.06388888888888888
0 0.72578125 0.48055555555555557 0.0375 0.08055555555555556
0 0.66328125 0.3111111111111111 0.0234375 0.05277777777777778
