1 0.5921875 0.8097222222222222 0.165625 0.3472222222222222
1 0.57890625 0.5416666666666666 0.1203125 0.21666666666666667
1 0.7203125 0.5263888888888889 0.1296875 0.18055555555555555
3 0.58125 0.37222222222222223 0.0984375 0.19166666666666668
1 0.66171875 0.35 0.0703125 0.12222222222222222
0 0.6921875 0.3236111111111111 0.0203125 0.06111111111111111
0 0.6671875 0.3055555555555556 0.028125 0.06388888888888888
0 0.0859375 0.30694444444444446 0.0796875 0.12222222222222222
0 0.228125 0.2222222222222222 0.05 0.05277777777777778
0 0.5390625 0.24583333333333332 0.0390625 0.06111111111111111
0 0.89609375 0.8986111111111111 0.0921875 0.20277777777777778
0 0.75390625 0.44305555555555554 0.025 0.075
0 0.75546875 0.38472222222222224 0.0265625 0.06388888888888888
