1 0.5703125 0.26944444444444443 0.0609375 0.1111111111111111
0 0.7375 0.31805555555555554 0.034375 0.08611111111111111
0 0.68203125 0.2763888888888889 0.0359375 0.06388888888888888
0 0.271875 0.6138888888888889 0.0421875 0.15555555555555556
0 0.38046875 0.4013888888888889 0.0328125 0.09722222222222222
0 0.2359375 0.4625 0.0359375 0.10555555555555556
0 0.3109375 0.4875 0.0609375 0.06944444444444445
0 0.11640625 0.6402777777777777 0.046875 0.1388888888888889
0 0.078125 0.4625 0.05625 0.06388888888888888
0 0.20078125 0.3402777777777778 0.053125 0.075
0 0.2734375 0.36527777777777776 0.0421875 0.08333333333333333
0 0.3265625 0.32083333333333336 0.0359375 0.09444444444444444
1 0.51484375 0.2 0.046875 0.08333333333333333
0 0.3015625 0.2972222222222222 0.025 0.07777777777777778
0 0.24765625 0.5416666666666666 0.0328125 0.09166666666666666
0 0.2640625 0.425 0.021875 0.08055555555555556
0 0.365625 0.28055555555555556 0.0234375 0.07222222222222222
0 0.34453125 0.24583333333333332 0.0171875 0.06111111111111111
0 0.36328125 0.20833333333333334 0.01875 0.06666666666666667
0 0.6296875 0.26805555555555555 0.021875 0.06666666666666667
0 0.65859375 0.21388888888888888 0.01875 0.06111111111111111
0 0.64609375 0.22083333333333333 0.0203125 0.06111111111111111
