0 0.16015625 0.25277777777777777 0.0390625 0.10277777777777777
1 0.58359375 0.8888888888888888 0.1796875 0.2222222222222222
1 0.63984375 0.3611111111111111 0.0515625 0.07777777777777778
1 0.57421875 0.2972222222222222 0.059375 0.08055555555555556
2 0.73984375 0.775 0.2546875 0.44722222222222224
2 0.68984375 0.30972222222222223 0.0609375 0.09722222222222222
3 0.55703125 0.45555555555555555 0.1390625 0.29444444444444445
3 0.646875 0.5055555555555555 0.1296875 0.25
0 0.23359375 0.18194444444444444 0.0296875 0.06944444444444445
0 0.2078125 0.15555555555555556 0.0203125 0.06944444444444445
0 0.178125 0.12777777777777777 0.025 0.06388888888888888
