0 0.14375 0.24444444444444444 0.021875 0.06388888888888888
0 0.1828125 0.25277777777777777 0.0203125 0.05277777777777778
1 0.853125 0.8722222222222222 0.2109375 0.25
1 0.6875 0.5888888888888889 0.1203125 0.19722222222222222
1 0.590625 0.4166666666666667 0.0625 0.1111111111111111
1 0.578125 0.3194444444444444 0.05 0.075
1 0.7125 0.2388888888888889 0.0390625 0.05277777777777778
1 0.675 0.225 0.0359375 0.03611111111111111
2 0.446875 0.225 0.1265625 0.10555555555555556
2 0.64375 0.25555555555555554 0.0375 0.058333333333333334
3 0.525 0.2722222222222222 0.04375 0.09444444444444444
