0 0.825 0.8833333333333333 0.115625 0.23333333333333334
1 0.37109375 0.6319444444444444 0.1375 0.3055555555555556
0 0.21484375 0.55 0.0796875 0.15
0 0.08828125 0.30694444444444446 0.065625 0.07777777777777778
0 0.29921875 0.4222222222222222 0.05 0.1388888888888889
0 0.33359375 0.4305555555555556 0.040625 0.11388888888888889
0 0.39296875 0.4263888888888889 0.053125 0.1111111111111111
0 0.28828125 0.33055555555555555 0.0328125 0.08333333333333333
0 0.25859375 0.30694444444444446 0.0328125 0.06944444444444445
0 0.32578125 0.3111111111111111 0.028125 0.10555555555555556
0 0.35234375 0.31666666666666665 0.0234375 0.07222222222222222
0 0.06796875 0.6513888888888889 0.059375 0.15833333333333333
0 0.4203125 0.2611111111111111 0.0265625 0.09444444444444444
0 0.45546875 0.28055555555555556 0.028125 0.07777777777777778
0 0.3953125 0.23333333333333334 0.01875 0.07222222222222222
0 0.36171875 0.19583333333333333 0.0203125 0.06111111111111111
0 0.5375 0.2791666666666667 0.0328125 0.09444444444444444
0 0.321875 0.2569444444444444 0.01875 0.06111111111111111
0 0.36640625 0.24722222222222223 0.0234375 0.06388888888888888
