1 0.33671875 0.5458333333333333 0.1078125 0.18055555555555555
1 0.459375 0.42777777777777776 0.06875 0.12777777777777777
1 0.309375 0.30833333333333335 0.0359375 0.05277777777777778
1 0.4109375 0.2763888888888889 0.0421875 0.06666666666666667
1 0.34765625 0.2791666666666667 0.0453125 0.05555555555555555
2 0.17265625 0.8486111111111111 0.2921875 0.30277777777777776
2 0.3703125 0.39166666666666666 0.0796875 0.15
3 0.46171875 0.20694444444444443 0.0984375 0.11388888888888889
3 0.4546875 0.2972222222222222 0.0734375 0.15555555555555556
1 0.740625 0.25555555555555554 0.0640625 0.1111111111111111
