1 0.390625 0.5722222222222222 0.096875 0.20277777777777778
1 0.7609375 0.6166666666666667 0.140625 0.20277777777777778
0 0.765625 0.45555555555555555 0.028125 0.10277777777777777
0 0.728125 0.3638888888888889 0.03125 0.08611111111111111
0 0.6 0.3277777777777778 0.021875 0.06666666666666667
1 0.58125 0.3 0.0515625 0.075
1 0.609375 0.24444444444444444 0.046875 0.06388888888888888
0 0.06875 0.39444444444444443 0.05625 0.075
0 0.3125 0.4166666666666667 0.025 0.08055555555555556
0 0.290625 0.39444444444444443 0.0234375 0.08333333333333333
0 0.3390625 0.28888888888888886 0.01875 0.06944444444444445
0 0.296875 0.3194444444444444 0.0203125 0.058333333333333334
0 0.9515625 0.8611111111111112 0.0953125 0.2777777777777778
0 0.378125 0.2611111111111111 0.015625 0.06388888888888888
0 0.415625 0.25555555555555554 0.0171875 0.058333333333333334
0 0.3421875 0.2388888888888889 0.015625 0.03611111111111111
0 0.36875 0.24444444444444444 0.015625 0.05
0 0.540625 0.2361111111111111 0.0203125 0.06944444444444445
0 0.521875 0.23333333333333334 0.015625 0.05
