0 0.77109375 0.34305555555555556 0.0484375 0.09444444444444444
0 0.3015625 0.33055555555555555 0.0453125 0.09444444444444444
0 0.25625 0.39305555555555555 0.034375 0.10277777777777777
0 0.28828125 0.5277777777777778 0.0546875 0.1361111111111111
0 0.1828125 0.7444444444444445 0.08125 0.17777777777777778
1 0.5890625 0.23194444444444445 0.05625 0.08333333333333333
0 0.5265625 0.26944444444444443 0.03125 0.06666666666666667
0 0.071875 0.4638888888888889 0.0671875 0.09444444444444444
2 0.48046875 0.2013888888888889 0.096875 0.13055555555555556
0 0.64765625 0.25416666666666665 0.0234375 0.06388888888888888
