1 0.63125 0.5166666666666667 0.090625 0.19444444444444445
2 0.70703125 0.8291666666666667 0.3359375 0.3416666666666667
1 0.55390625 0.375 0.0703125 0.13333333333333333
1 0.5484375 0.275 0.0546875 0.075
1 0.5875 0.20277777777777778 0.0390625 0.07222222222222222
0 0.3625 0.5027777777777778 0.040625 0.14166666666666666
0 0.20390625 0.6041666666666666 0.0609375 0.1361111111111111
0 0.221875 0.49166666666666664 0.0484375 0.11388888888888889
0 0.07890625 0.3763888888888889 0.0578125 0.08055555555555556
0 0.2109375 0.26805555555555555 0.0453125 0.03888888888888889
0 0.31640625 0.39166666666666666 0.0296875 0.08333333333333333
0 0.43984375 0.3875 0.0203125 0.08333333333333333
0 0.41171875 0.3055555555555556 0.021875 0.08055555555555556
0 0.33125 0.34444444444444444 0.0375 0.10277777777777777
0 0.3765625 0.275 0.025 0.07222222222222222
0 0.71171875 0.37916666666666665 0.0375 0.10277777777777777
0 0.65234375 0.3125 0.01875 0.07777777777777778
0 0.62734375 0.2111111111111111 0.0203125 0.075
0 0.59140625 0.2916666666666667 0.0234375 0.06111111111111111
0 0.61796875 0.30694444444444446 0.01875 0.058333333333333334
0 0.2171875 0.41805555555555557 0.0375 0.09722222222222222
0 0.30625 0.47638888888888886 0.040625 0.13055555555555556
0 0.359375 0.2638888888888889 0.0171875 0.05555555555555555
0 0.334375 0.2375 0.01875 0.06944444444444445
0 0.37578125 0.21666666666666667 0.01875 0.05277777777777778
0 0.3921875 0.25416666666666665 0.015625 0.05
0 0.67109375 0.24722222222222223 0.01875 0.058333333333333334
0 0.4140625 0.2388888888888889 0.0171875 0.05
0 0.39296875 0.1986111111111111 0.0140625 0.041666666666666664
0 0.40390625 0.15555555555555556 0.015625 0.041666666666666664
