3 0.44140625 0.21944444444444444 0.0734375 0.09166666666666666
3 0.60859375 0.1763888888888889 0.0515625 0.08611111111111111
3 0.64453125 0.3527777777777778 0.115625 0.22777777777777777
1 0.6546875 0.7902777777777777 0.2078125 0.36666666666666664
1 0.328125 0.28888888888888886 0.0734375 0.08055555555555556
2 0.79453125 0.5694444444444444 0.2453125 0.41944444444444445
3 0.23359375 0.2986111111111111 0.065625 0.08611111111111111
0 0.75 0.32916666666666666 0.034375 0.09166666666666666
2 0.584375 0.2263888888888889 0.0546875 0.09166666666666666
1 0.671875 0.16666666666666666 0.0421875 0.05555555555555555
