0 0.790625 0.45555555555555555 0.040625 0.11388888888888889
0 0.6890625 0.3194444444444444 0.0234375 0.07777777777777778
0 0.240625 0.48055555555555557 0.0328125 0.1111111111111111
0 0.184375 0.4777777777777778 0.034375 0.11666666666666667
0 0.1625 0.6805555555555556 0.0609375 0.19166666666666668
0 0.0796875 0.3972222222222222 0.05625 0.075
0 0.259375 0.3611111111111111 0.0328125 0.10555555555555556
0 0.3171875 0.37222222222222223 0.025 0.08888888888888889
0 0.303125 0.34444444444444444 0.03125 0.08055555555555556
0 0.365625 0.3138888888888889 0.025 0.08055555555555556
0 0.31875 0.28055555555555556 0.015625 0.05
0 0.346875 0.3 0.01875 0.06388888888888888
0 0.39375 0.26666666666666666 0.0171875 0.07222222222222222
2 0.6375 0.36666666666666664 0.0984375 0.16944444444444445
0 0.425 0.25 0.0140625 0.05277777777777778
1 0.59375 0.2361111111111111 0.040625 0.06111111111111111
0 0.646875 0.2722222222222222 0.0203125 0.044444444444444446
0 0.0453125 0.8583333333333333 0.0890625 0.275
0 0.3625 0.25 0.015625 0.03611111111111111
1 0.4 0.5222222222222223 0.0921875 0.20833333333333334
0 0.6296875 0.2222222222222222 0.015625 0.044444444444444446
