3 0.61875 0.3527777777777778 0.0609375 0.15555555555555556
2 0.70625 0.5305555555555556 0.1328125 0.2361111111111111
0 0.9375 0.6277777777777778 0.0578125 0.14444444444444443
0 0.5984375 0.2611111111111111 0.04375 0.06666666666666667
2 0.7265625 0.225 0.04375 0.04722222222222222
0 0.53125 0.22777777777777777 0.025 0.03888888888888889
0 0.4078125 0.2111111111111111 0.0203125 0.03333333333333333
0 0.371875 0.21388888888888888 0.0234375 0.03611111111111111
0 0.7203125 0.34444444444444444 0.0140625 0.044444444444444446
0 0.084375 0.44166666666666665 0.0328125 0.09166666666666666
