1 0.58125 0.525 0.1140625 0.2111111111111111
1 0.621875 0.7944444444444444 0.1390625 0.29444444444444445
1 0.7265625 0.5 0.1140625 0.18611111111111112
1 0.66875 0.3527777777777778 0.0796875 0.10833333333333334
3 0.5671875 0.35555555555555557 0.0765625 0.15555555555555556
0 0.6515625 0.2777777777777778 0.0234375 0.06666666666666667
0 0.69375 0.3138888888888889 0.0234375 0.09444444444444444
0 0.746875 0.36666666666666664 0.03125 0.10555555555555556
0 0.3875 0.26666666666666666 0.0140625 0.06666666666666667
1 0.44375 0.2777777777777778 0.05 0.10555555555555556
0 0.2328125 0.38333333333333336 0.0328125 0.06111111111111111
0 0.178125 0.5333333333333333 0.0296875 0.09722222222222222
0 0.078125 0.40555555555555556 0.0578125 0.07222222222222222
0 0.20625 0.2833333333333333 0.0484375 0.06111111111111111
0 0.30625 0.29444444444444445 0.03125 0.09722222222222222
0 0.575 0.3527777777777778 0.0015625 0.002777777777777778
0 0.2546875 0.4527777777777778 0.0359375 0.11666666666666667
