1 0.39296875 0.7388888888888889 0.196875 0.4444444444444444
0 0.290625 0.4597222222222222 0.046875 0.13055555555555556
0 0.18125 0.7625 0.075 0.1527777777777778
0 0.23828125 0.5 0.0484375 0.1361111111111111
0 0.32890625 0.39444444444444443 0.0359375 0.09722222222222222
0 0.65625 0.325 0.040625 0.11388888888888889
0 0.6953125 0.31805555555555554 0.0375 0.1111111111111111
0 0.68984375 0.22916666666666666 0.025 0.06388888888888888
0 0.57421875 0.26805555555555555 0.034375 0.09444444444444444
0 0.3453125 0.3277777777777778 0.0375 0.08611111111111111
0 0.36484375 0.2902777777777778 0.03125 0.06388888888888888
0 0.57265625 0.18611111111111112 0.034375 0.06666666666666667
0 0.48984375 0.23055555555555557 0.0359375 0.08055555555555556
0 0.6 0.2013888888888889 0.028125 0.075
0 0.07421875 0.5611111111111111 0.05625 0.08611111111111111
0 0.196875 0.3958333333333333 0.0609375 0.08055555555555556
0 0.2859375 0.3416666666666667 0.028125 0.07777777777777778
0 0.31328125 0.3541666666666667 0.028125 0.08055555555555556
0 0.41171875 0.26666666666666666 0.0359375 0.07222222222222222
