0 0.2109375 0.3611111111111111 0.0453125 0.10555555555555556
0 0.846875 0.38472222222222224 0.0296875 0.06111111111111111
0 0.89609375 0.37083333333333335 0.025 0.058333333333333334
1 0.25546875 0.7291666666666666 0.1671875 0.3055555555555556
1 0.35078125 0.4375 0.1125 0.18611111111111112
1 0.41015625 0.3333333333333333 0.0578125 0.10277777777777777
1 0.38125 0.19027777777777777 0.04375 0.06111111111111111
1 0.39375 0.2222222222222222 0.0359375 0.05555555555555555
2 0.41953125 0.2625 0.0609375 0.10833333333333334
3 0.65859375 0.4638888888888889 0.1328125 0.32222222222222224
3 0.5015625 0.22361111111111112 0.08125 0.14722222222222223
