2 0.371875 0.49583333333333335 0.1671875 0.41388888888888886
0 0.14765625 0.6652777777777777 0.059375 0.12777777777777777
0 0.06796875 0.5708333333333333 0.0609375 0.175
0 0.19140625 0.4486111111111111 0.040625 0.12222222222222222
0 0.240625 0.49027777777777776 0.034375 0.08611111111111111
0 0.25546875 0.4166666666666667 0.0328125 0.06944444444444445
0 0.234375 0.39166666666666666 0.0265625 0.08611111111111111
0 0.29140625 0.4583333333333333 0.0328125 0.11388888888888889
0 0.309375 0.3736111111111111 0.028125 0.1111111111111111
0 0.290625 0.3194444444444444 0.0203125 0.09722222222222222
0 0.69453125 0.42083333333333334 0.03125 0.09444444444444444
0 0.821875 0.525 0.04375 0.1111111111111111
0 0.3421875 0.24027777777777778 0.025 0.06388888888888888
0 0.36328125 0.24583333333333332 0.01875 0.06388888888888888
0 0.4640625 0.2791666666666667 0.021875 0.075
