0 0.925 0.4652777777777778 0.0734375 0.10555555555555556
0 0.8015625 0.32916666666666666 0.040625 0.05555555555555555
1 0.60859375 0.5527777777777778 0.1375 0.28055555555555556
0 0.26015625 0.34305555555555556 0.0453125 0.1
0 0.37421875 0.2791666666666667 0.028125 0.08333333333333333
0 0.64296875 0.30972222222222223 0.0234375 0.08055555555555556
1 0.575 0.3138888888888889 0.059375 0.10555555555555556
0 0.8234375 0.6194444444444445 0.0515625 0.15833333333333333
0 0.7296875 0.36527777777777776 0.03125 0.08888888888888889
0 0.48828125 0.2638888888888889 0.05625 0.08611111111111111
0 0.65 0.225 0.01875 0.06111111111111111
0 0.61171875 0.2638888888888889 0.01875 0.06666666666666667
0 0.61953125 0.23472222222222222 0.0140625 0.04722222222222222
0 0.4171875 0.2 0.025 0.06944444444444445
