1 0.39296875 0.6791666666666667 0.1421875 0.2638888888888889
1 0.18828125 0.7611111111111111 0.2046875 0.2833333333333333
1 0.36640625 0.4527777777777778 0.090625 0.15555555555555556
1 0.378125 0.35555555555555557 0.053125 0.08611111111111111
2 0.27734375 0.21666666666666667 0.053125 0.06388888888888888
2 0.47109375 0.3625 0.06875 0.14722222222222223
3 0.47421875 0.3625 0.0703125 0.1527777777777778
3 0.7203125 0.275 0.090625 0.19444444444444445
0 0.24140625 0.37777777777777777 0.0234375 0.07777777777777778
0 0.29921875 0.30972222222222223 0.0265625 0.08333333333333333
