0 0.15390625 0.7375 0.0859375 0.20833333333333334
0 0.05234375 0.8208333333333333 0.0875 0.2388888888888889
0 0.22578125 0.5 0.05 0.1361111111111111
0 0.275 0.44166666666666665 0.0375 0.10277777777777777
0 0.30390625 0.36527777777777776 0.0359375 0.08055555555555556
3 0.3875 0.4361111111111111 0.1796875 0.36944444444444446
0 0.85703125 0.5055555555555555 0.0390625 0.10833333333333334
0 0.7890625 0.44166666666666665 0.034375 0.1111111111111111
0 0.91953125 0.3388888888888889 0.0703125 0.07222222222222222
0 0.653125 0.25 0.0171875 0.08055555555555556
0 0.3265625 0.30972222222222223 0.0203125 0.058333333333333334
