0 0.5796875 0.4513888888888889 0.0359375 0.1111111111111111
1 0.41875 0.6666666666666666 0.1375 0.25833333333333336
1 0.1765625 0.8680555555555556 0.240625 0.2638888888888889
1 0.32890625 0.5791666666666667 0.1 0.15
1 0.4734375 0.4222222222222222 0.0640625 0.12222222222222222
1 0.47578125 0.325 0.046875 0.06944444444444445
1 0.66328125 0.34305555555555556 0.0578125 0.10555555555555556
1 0.396875 0.3875 0.0578125 0.1
1 0.440625 0.2708333333333333 0.0390625 0.05277777777777778
1 0.29921875 0.2625 0.0453125 0.05
3 0.42421875 0.2111111111111111 0.1125 0.1
1 0.3875 0.3 0.04375 0.07777777777777778
