2 0.665625 0.3 0.1234375 0.21388888888888888
0 0.521875 0.2777777777777778 0.021875 0.10833333333333334
0 0.2375 0.3972222222222222 0.0484375 0.08888888888888889
0 0.315625 0.36666666666666664 0.0359375 0.10555555555555556
0 0.365625 0.3194444444444444 0.03125 0.09166666666666666
0 0.409375 0.33055555555555555 0.034375 0.11388888888888889
0 0.084375 0.41388888888888886 0.0625 0.11944444444444445
0 0.096875 0.6777777777777778 0.05625 0.175
2 0.2375 0.7555555555555555 0.1828125 0.4861111111111111
0 0.315625 0.30277777777777776 0.021875 0.07222222222222222
0 0.33125 0.2611111111111111 0.0140625 0.06111111111111111
0 0.353125 0.22777777777777777 0.0125 0.05555555555555555
0 0.36875 0.24722222222222223 0.015625 0.058333333333333334
0 0.4 0.25833333333333336 0.0109375 0.05555555555555555
