0 0.66953125 0.25277777777777777 0.040625 0.09166666666666666
1 0.39375 0.6861111111111111 0.1578125 0.31666666666666665
0 0.16328125 0.7013888888888888 0.059375 0.14166666666666666
0 0.2515625 0.5027777777777778 0.0375 0.08611111111111111
0 0.3234375 0.55 0.0484375 0.125
0 0.3640625 0.44722222222222224 0.040625 0.11944444444444445
0 0.396875 0.44027777777777777 0.0359375 0.09444444444444444
0 0.5 0.27361111111111114 0.0234375 0.06111111111111111
0 0.3484375 0.3763888888888889 0.0359375 0.08333333333333333
0 0.35703125 0.3263888888888889 0.0265625 0.08611111111111111
0 0.084375 0.9125 0.096875 0.175
