0 0.68828125 0.36666666666666664 0.0359375 0.10555555555555556
0 0.74453125 0.3625 0.03125 0.08888888888888889
0 0.80078125 0.5291666666666667 0.053125 0.125
1 0.39140625 0.3819444444444444 0.059375 0.1
0 0.29375 0.4375 0.03125 0.1111111111111111
0 0.34609375 0.29305555555555557 0.025 0.06666666666666667
0 0.44296875 0.30833333333333335 0.025 0.06388888888888888
0 0.4265625 0.2708333333333333 0.0140625 0.03888888888888889
1 0.43828125 0.20416666666666666 0.034375 0.05277777777777778
0 0.403125 0.19444444444444445 0.0109375 0.044444444444444446
0 0.63359375 0.23333333333333334 0.0171875 0.058333333333333334
0 0.60078125 0.2013888888888889 0.015625 0.05555555555555555
3 0.5453125 0.17777777777777778 0.059375 0.14444444444444443
