1 0.3078125 0.5569444444444445 0.1265625 0.19722222222222222
1 0.4828125 0.2263888888888889 0.059375 0.06111111111111111
1 0.475 0.4 0.071875 0.13055555555555556
1 0.38515625 0.25833333333333336 0.053125 0.06388888888888888
1 0.409375 0.2916666666666667 0.0421875 0.05555555555555555
1 0.48515625 0.32083333333333336 0.05 0.08055555555555556
1 0.41015625 0.24722222222222223 0.046875 0.058333333333333334
1 0.31875 0.2361111111111111 0.0421875 0.04722222222222222
2 0.3703125 0.38472222222222224 0.0953125 0.15833333333333333
1 0.7453125 0.35555555555555557 0.0625 0.08333333333333333
