1 0.5828125 0.49722222222222223 0.134375 0.24722222222222223
1 0.6515625 0.7472222222222222 0.16875 0.33611111111111114
1 0.72265625 0.4236111111111111 0.13125 0.2222222222222222
1 0.65 0.2986111111111111 0.090625 0.13333333333333333
3 0.55078125 0.33611111111111114 0.0921875 0.17777777777777778
0 0.625 0.23055555555555557 0.0296875 0.07222222222222222
0 0.6703125 0.2513888888888889 0.0328125 0.1
0 0.728125 0.2847222222222222 0.0421875 0.11388888888888889
0 0.36484375 0.30972222222222223 0.0203125 0.06944444444444445
1 0.42109375 0.3013888888888889 0.0609375 0.11944444444444445
0 0.225 0.47638888888888886 0.0390625 0.07222222222222222
0 0.1875 0.6416666666666667 0.0390625 0.10555555555555556
0 0.07578125 0.55 0.0640625 0.09166666666666666
0 0.18828125 0.3875 0.0546875 0.07777777777777778
0 0.2875 0.3638888888888889 0.040625 0.10555555555555556
0 0.5578125 0.33055555555555555 0.0015625 0.002777777777777778
0 0.25390625 0.5375 0.0484375 0.12777777777777777
