0 0.57578125 0.42777777777777776 0.0421875 0.1361111111111111
0 0.32890625 0.4027777777777778 0.0546875 0.12777777777777777
0 0.1796875 0.5236111111111111 0.0484375 0.15555555555555556
0 0.07734375 0.3958333333333333 0.065625 0.07222222222222222
0 0.34765625 0.24305555555555555 0.025 0.06388888888888888
0 0.38671875 0.24305555555555555 0.021875 0.075
0 0.37265625 0.24583333333333332 0.0203125 0.08055555555555556
0 0.15390625 0.7111111111111111 0.040625 0.1638888888888889
0 0.23515625 0.7527777777777778 0.0875 0.2111111111111111
1 0.7046875 0.8805555555555555 0.2 0.2388888888888889
0 0.3734375 0.31805555555555554 0.028125 0.07222222222222222
0 0.9359375 0.6388888888888888 0.0734375 0.20277777777777778
