1 0.68515625 0.8375 0.2 0.25833333333333336
1 0.69296875 0.49444444444444446 0.13125 0.21388888888888888
1 0.52734375 0.39166666666666666 0.0796875 0.125
1 0.61328125 0.3736111111111111 0.0734375 0.11944444444444445
1 0.321875 0.2791666666666667 0.0546875 0.06944444444444445
1 0.5671875 0.5208333333333334 0.1171875 0.22777777777777777
1 0.67578125 0.1597222222222222 0.0390625 0.06111111111111111
1 0.584375 0.2722222222222222 0.0453125 0.08333333333333333
1 0.55078125 0.32222222222222224 0.05 0.08333333333333333
2 0.59453125 0.1763888888888889 0.1515625 0.16111111111111112
1 0.50234375 0.2847222222222222 0.053125 0.09166666666666666
