0 0.82109375 0.5805555555555556 0.071875 0.15833333333333333
0 0.9265625 0.575 0.0578125 0.1
0 0.28984375 0.3402777777777778 0.053125 0.11666666666666667
0 0.29609375 0.26805555555555555 0.034375 0.075
0 0.36171875 0.22916666666666666 0.028125 0.075
0 0.6671875 0.3611111111111111 0.03125 0.08055555555555556
0 0.64375 0.2972222222222222 0.0265625 0.058333333333333334
0 0.50703125 0.24583333333333332 0.0296875 0.07777777777777778
0 0.38203125 0.175 0.0265625 0.06666666666666667
0 0.79375 0.9013888888888889 0.1 0.19722222222222222
0 0.67890625 0.2833333333333333 0.01875 0.05
0 0.66953125 0.30694444444444446 0.0203125 0.04722222222222222
0 0.63203125 0.275 0.0234375 0.06388888888888888
0 0.41484375 0.16805555555555557 0.0234375 0.05555555555555555
0 0.39921875 0.16805555555555557 0.021875 0.06388888888888888
