0 0.20078125 0.4986111111111111 0.0390625 0.1
0 0.81796875 0.22916666666666666 0.025 0.058333333333333334
0 0.8640625 0.19305555555555556 0.021875 0.05555555555555555
1 0.296875 0.8347222222222223 0.1515625 0.2777777777777778
1 0.346875 0.5083333333333333 0.103125 0.16666666666666666
1 0.3890625 0.38055555555555554 0.053125 0.09166666666666666
1 0.33984375 0.25555555555555554 0.040625 0.05555555555555555
1 0.35703125 0.28055555555555556 0.0328125 0.04722222222222222
2 0.3875 0.30833333333333335 0.0546875 0.09722222222222222
3 0.64765625 0.39305555555555555 0.1140625 0.30277777777777776
3 0.4609375 0.23194444444444445 0.0734375 0.13333333333333333
