0 0.078125 0.4027777777777778 0.0625 0.06944444444444445
0 0.3328125 0.32222222222222224 0.028125 0.09166666666666666
0 0.365625 0.3611111111111111 0.0265625 0.09444444444444444
0 0.64375 0.33055555555555555 0.03125 0.07777777777777778
0 0.6375 0.24444444444444444 0.0234375 0.08333333333333333
0 0.5375 0.26666666666666666 0.025 0.07222222222222222
0 0.38125 0.26944444444444443 0.025 0.06944444444444445
0 0.3578125 0.24444444444444444 0.021875 0.06944444444444445
0 0.8203125 0.4861111111111111 0.053125 0.12777777777777777
0 0.4140625 0.24166666666666667 0.021875 0.06666666666666667
0 0.36875 0.18611111111111112 0.015625 0.04722222222222222
