1 0.584375 0.5555555555555556 0.0984375 0.19444444444444445
1 0.5625 0.3277777777777778 0.0671875 0.10277777777777777
0 0.7828125 0.5194444444444445 0.0515625 0.13333333333333333
0 0.7640625 0.675 0.046875 0.19166666666666668
0 0.715625 0.34444444444444444 0.028125 0.09444444444444444
0 0.746875 0.35555555555555557 0.0375 0.11388888888888889
0 0.6609375 0.2777777777777778 0.0328125 0.07777777777777778
0 0.6078125 0.2722222222222222 0.0234375 0.06388888888888888
1 0.3015625 0.48333333333333334 0.078125 0.16944444444444445
0 0.19375 0.6388888888888888 0.065625 0.13333333333333333
0 0.153125 0.5694444444444444 0.0328125 0.1
0 0.075 0.40555555555555556 0.05625 0.06666666666666667
0 0.2078125 0.2777777777777778 0.04375 0.044444444444444446
0 0.321875 0.32222222222222224 0.028125 0.08055555555555556
0 0.3453125 0.325 0.021875 0.07777777777777778
0 0.409375 0.31666666666666665 0.0234375 0.08888888888888889
1 0.28125 0.8833333333333333 0.215625 0.23055555555555557
0 0.396875 0.2361111111111111 0.0203125 0.05277777777777778
0 0.3203125 0.2638888888888889 0.021875 0.06944444444444445
0 0.36875 0.2722222222222222 0.0203125 0.075
0 0.18125 0.5083333333333333 0.0359375 0.12222222222222222
