0 0.68984375 0.4597222222222222 0.040625 0.11666666666666667
0 0.74296875 0.3638888888888889 0.0359375 0.09444444444444444
0 0.759375 0.5347222222222222 0.0578125 0.14166666666666666
0 0.6984375 0.6986111111111111 0.0515625 0.15
0 0.41484375 0.42777777777777776 0.0296875 0.08611111111111111
0 0.39453125 0.2263888888888889 0.021875 0.044444444444444446
0 0.77890625 0.2569444444444444 0.0546875 0.058333333333333334
0 0.9171875 0.37222222222222223 0.075 0.075
0 0.56015625 0.26666666666666666 0.0265625 0.08888888888888889
0 0.9 0.6958333333333333 0.0609375 0.16944444444444445
