0 0.9265625 0.6194444444444445 0.0515625 0.14722222222222223
0 0.1578125 0.30833333333333335 0.0203125 0.07222222222222222
1 0.834375 0.8402777777777778 0.196875 0.3
1 0.67265625 0.24722222222222223 0.0328125 0.044444444444444446
2 0.1125 0.5291666666666667 0.1515625 0.26944444444444443
1 0.61953125 0.2791666666666667 0.046875 0.07222222222222222
2 0.6765625 0.4888888888888889 0.128125 0.23333333333333334
2 0.609375 0.3194444444444444 0.0546875 0.1
2 0.709375 0.2152777777777778 0.0640625 0.08611111111111111
3 0.525 0.32083333333333336 0.078125 0.21666666666666667
