0 0.5921875 0.5027777777777778 0.06875 0.13333333333333333
0 0.9203125 0.4444444444444444 0.0765625 0.125
0 0.3078125 0.44166666666666665 0.0453125 0.10277777777777777
0 0.315625 0.35 0.0375 0.08055555555555556
0 0.3625 0.34444444444444444 0.0375 0.09444444444444444
1 0.4375 0.325 0.0734375 0.11666666666666667
0 0.078125 0.40555555555555556 0.0640625 0.06111111111111111
0 0.209375 0.2833333333333333 0.0578125 0.04722222222222222
0 0.353125 0.25555555555555554 0.0265625 0.06944444444444445
0 0.6515625 0.25 0.0171875 0.06388888888888888
0 0.521875 0.26666666666666666 0.05625 0.06666666666666667
0 0.15 0.6805555555555556 0.0890625 0.16666666666666666
0 0.23125 0.3972222222222222 0.0265625 0.1
0 0.375 0.24166666666666667 0.0171875 0.06111111111111111
0 0.384375 0.19444444444444445 0.0140625 0.05277777777777778
