1 0.63125 0.3902777777777778 0.0609375 0.09722222222222222
1 0.52890625 0.3638888888888889 0.0609375 0.10555555555555556
1 0.53046875 0.3111111111111111 0.0421875 0.06111111111111111
1 0.58828125 0.25833333333333336 0.0390625 0.05
3 0.62421875 0.30833333333333335 0.053125 0.12222222222222222
2 0.64296875 0.2569444444444444 0.0640625 0.08888888888888889
3 0.615625 0.7111111111111111 0.2609375 0.575
3 0.8234375 0.7722222222222223 0.2203125 0.425
0 0.203125 0.2777777777777778 0.021875 0.07222222222222222
0 0.42421875 0.3125 0.021875 0.07222222222222222
