1 0.6234375 0.4305555555555556 0.1125 0.21666666666666667
0 0.76328125 0.4 0.059375 0.13055555555555556
0 0.69921875 0.2652777777777778 0.034375 0.08333333333333333
0 0.7328125 0.2722222222222222 0.0390625 0.09444444444444444
1 0.59296875 0.225 0.0640625 0.08888888888888889
1 0.5234375 0.2222222222222222 0.05625 0.10555555555555556
1 0.5234375 0.2222222222222222 0.0578125 0.10833333333333334
3 0.37578125 0.4597222222222222 0.184375 0.48055555555555557
0 0.1671875 0.8097222222222222 0.090625 0.19444444444444445
0 0.2015625 0.6416666666666667 0.0375 0.12777777777777777
0 0.0765625 0.5319444444444444 0.0734375 0.10277777777777777
0 0.19375 0.38472222222222224 0.04375 0.058333333333333334
0 0.27734375 0.48194444444444445 0.0421875 0.13055555555555556
0 0.28046875 0.38472222222222224 0.0328125 0.08333333333333333
0 0.446875 0.2875 0.034375 0.08888888888888889
0 0.20546875 0.5083333333333333 0.0390625 0.11388888888888889
0 0.2265625 0.5722222222222222 0.040625 0.11666666666666667
0 0.1203125 0.7319444444444444 0.04375 0.14722222222222223
0 0.62890625 0.20277777777777778 0.025 0.075
0 0.65546875 0.20833333333333334 0.0234375 0.075
