0 0.8203125 0.7125 0.0375 0.14166666666666666
0 0.7484375 0.6888888888888889 0.0640625 0.1527777777777778
0 0.87578125 0.7111111111111111 0.05625 0.11944444444444445
0 0.86015625 0.48055555555555557 0.0640625 0.10555555555555556
0 0.925 0.5 0.059375 0.11666666666666667
0 0.73671875 0.38055555555555554 0.0421875 0.06388888888888888
0 0.75078125 0.44583333333333336 0.0375 0.09166666666666666
0 0.38515625 0.2263888888888889 0.025 0.06388888888888888
0 0.365625 0.2152777777777778 0.0265625 0.06666666666666667
0 0.4265625 0.1986111111111111 0.0234375 0.06388888888888888
