0 0.59453125 0.4444444444444444 0.046875 0.12222222222222222
0 0.69140625 0.4736111111111111 0.0359375 0.10277777777777777
0 0.7578125 0.46944444444444444 0.040625 0.1
0 0.7203125 0.4097222222222222 0.03125 0.08333333333333333
0 0.6859375 0.37222222222222223 0.0296875 0.07222222222222222
0 0.67734375 0.3236111111111111 0.028125 0.075
0 0.62890625 0.33055555555555555 0.0328125 0.06111111111111111
0 0.58203125 0.30972222222222223 0.0375 0.07777777777777778
0 0.721875 0.7291666666666666 0.0546875 0.1388888888888889
0 0.64921875 0.8027777777777778 0.065625 0.20277777777777778
0 0.784375 0.65 0.05 0.14722222222222223
0 0.92890625 0.5625 0.0703125 0.10555555555555556
0 0.34765625 0.3055555555555556 0.0359375 0.1
0 0.3671875 0.20555555555555555 0.0171875 0.04722222222222222
0 0.546875 0.26805555555555555 0.0234375 0.06944444444444445
0 0.64375 0.2763888888888889 0.0203125 0.05
0 0.665625 0.2388888888888889 0.0171875 0.030555555555555555
