1 0.3109375 0.7888888888888889 0.1890625 0.34444444444444444
2 0.3171875 0.37777777777777777 0.175 0.30277777777777776
2 0.3984375 0.19722222222222222 0.0734375 0.1111111111111111
0 0.7046875 0.6458333333333334 0.0453125 0.16944444444444445
0 0.7546875 0.6444444444444445 0.05625 0.11944444444444445
0 0.875 0.6666666666666666 0.0546875 0.15833333333333333
0 0.75390625 0.5527777777777778 0.0578125 0.10833333333333334
0 0.71484375 0.43194444444444446 0.03125 0.11388888888888889
0 0.678125 0.46944444444444444 0.0265625 0.10833333333333334
0 0.66328125 0.4166666666666667 0.021875 0.07777777777777778
0 0.76328125 0.4166666666666667 0.040625 0.08055555555555556
0 0.8953125 0.36527777777777776 0.05 0.08333333333333333
0 0.92265625 0.41805555555555557 0.0453125 0.09444444444444444
0 0.6984375 0.3527777777777778 0.03125 0.08333333333333333
0 0.6703125 0.3277777777777778 0.025 0.08888888888888889
1 0.55546875 0.29583333333333334 0.046875 0.08333333333333333
0 0.6203125 0.32083333333333336 0.021875 0.07777777777777778
0 0.63828125 0.2986111111111111 0.015625 0.06944444444444445
0 0.6 0.30277777777777776 0.0234375 0.09166666666666666
0 0.49140625 0.2388888888888889 0.021875 0.07777777777777778
