1 0.39296875 0.4625 0.0859375 0.18611111111111112
0 0.30546875 0.4708333333333333 0.0578125 0.10833333333333334
0 0.3109375 0.5416666666666666 0.04375 0.125
0 0.24375 0.5361111111111111 0.04375 0.10555555555555556
0 0.14921875 0.5347222222222222 0.0625 0.11944444444444445
0 0.20625 0.8180555555555555 0.1 0.15
0 0.11015625 0.875 0.0796875 0.1638888888888889
0 0.071875 0.49444444444444446 0.0609375 0.08888888888888889
0 0.1984375 0.35694444444444445 0.0703125 0.08333333333333333
0 0.3484375 0.30277777777777776 0.0265625 0.08333333333333333
0 0.1953125 0.5930555555555556 0.0375 0.10833333333333334
0 0.54453125 0.26666666666666666 0.0234375 0.07777777777777778
