0 0.3296875 0.3625 0.0328125 0.09722222222222222
0 0.31640625 0.2763888888888889 0.0265625 0.06666666666666667
0 0.45859375 0.23194444444444445 0.0265625 0.06944444444444445
0 0.6875 0.5208333333333334 0.040625 0.125
0 0.665625 0.39166666666666666 0.034375 0.09444444444444444
0 0.6046875 0.34305555555555556 0.025 0.07777777777777778
0 0.70859375 0.3680555555555556 0.03125 0.06944444444444445
0 0.7453125 0.42083333333333334 0.028125 0.06944444444444445
0 0.77421875 0.4027777777777778 0.0296875 0.08611111111111111
0 0.82109375 0.6416666666666667 0.059375 0.1527777777777778
1 0.4921875 0.21944444444444444 0.0484375 0.08611111111111111
0 0.70703125 0.44027777777777777 0.0296875 0.10833333333333334
0 0.6796875 0.32222222222222224 0.0203125 0.06944444444444445
0 0.61171875 0.26666666666666666 0.0171875 0.06111111111111111
0 0.64140625 0.27361111111111114 0.015625 0.05277777777777778
0 0.68046875 0.2777777777777778 0.0140625 0.04722222222222222
0 0.66171875 0.27361111111111114 0.015625 0.05
3 0.553125 0.2125 0.046875 0.125
