1 0.4390625 0.38333333333333336 0.0625 0.13055555555555556
0 0.3078125 0.5833333333333334 0.046875 0.11666666666666667
0 0.31875 0.7666666666666667 0.0734375 0.19166666666666668
0 0.1671875 0.6305555555555555 0.0640625 0.15
0 0.184375 0.49722222222222223 0.0296875 0.075
0 0.2609375 0.45 0.0265625 0.10555555555555556
0 0.309375 0.38333333333333336 0.01875 0.07777777777777778
0 0.3671875 0.36666666666666664 0.01875 0.08888888888888889
0 0.3953125 0.3055555555555556 0.0265625 0.09444444444444444
0 0.2796875 0.3638888888888889 0.03125 0.08888888888888889
0 0.075 0.39166666666666666 0.0640625 0.075
0 0.1296875 0.8027777777777778 0.05625 0.2
0 0.634375 0.2916666666666667 0.01875 0.05277777777777778
0 0.5171875 0.2611111111111111 0.021875 0.075
0 0.6109375 0.8861111111111111 0.0921875 0.2111111111111111
0 0.034375 0.6861111111111111 0.06875 0.23333333333333334
0 0.3078125 0.4861111111111111 0.0359375 0.11388888888888889
0 0.275 0.31666666666666665 0.015625 0.08055555555555556
0 0.371875 0.225 0.015625 0.05277777777777778
