0 0.57578125 0.2833333333333333 0.046875 0.10555555555555556
0 0.77890625 0.39861111111111114 0.0734375 0.19166666666666668
0 0.47265625 0.25972222222222224 0.040625 0.06944444444444445
0 0.22578125 0.8388888888888889 0.0828125 0.15555555555555556
0 0.0890625 0.5791666666666667 0.078125 0.09444444444444444
1 0.41015625 0.29305555555555557 0.0578125 0.10833333333333334
0 0.53671875 0.36944444444444446 0.0375 0.1
0 0.58125 0.36666666666666664 0.034375 0.09444444444444444
0 0.55859375 0.20555555555555555 0.0296875 0.06388888888888888
0 0.58125 0.18333333333333332 0.028125 0.06666666666666667
0 0.36484375 0.27361111111111114 0.0296875 0.075
0 0.496875 0.25 0.0203125 0.05555555555555555
