1 0.6015625 0.6513888888888889 0.1375 0.23333333333333334
1 0.609375 0.23055555555555557 0.0625 0.11944444444444445
0 0.65703125 0.25277777777777777 0.0234375 0.05555555555555555
0 0.2203125 0.5222222222222223 0.0609375 0.17777777777777778
0 0.2890625 0.49166666666666664 0.0375 0.10833333333333334
0 0.35234375 0.3736111111111111 0.0453125 0.11388888888888889
0 0.39375 0.49027777777777776 0.0640625 0.20555555555555555
0 0.40546875 0.33611111111111114 0.03125 0.09722222222222222
0 0.44140625 0.34444444444444444 0.0359375 0.10277777777777777
0 0.30859375 0.35138888888888886 0.0453125 0.10277777777777777
0 0.27109375 0.32222222222222224 0.0359375 0.1
0 0.1234375 0.5736111111111111 0.0953125 0.19444444444444445
0 0.0890625 0.30694444444444446 0.06875 0.08055555555555556
0 0.34296875 0.2875 0.0265625 0.08055555555555556
0 0.38046875 0.24027777777777778 0.0296875 0.08055555555555556
0 0.40078125 0.2375 0.0296875 0.06111111111111111
0 0.42890625 0.2388888888888889 0.03125 0.08055555555555556
0 0.2421875 0.4041666666666667 0.0359375 0.1111111111111111
0 0.3890625 0.1638888888888889 0.0203125 0.05555555555555555
0 0.409375 0.175 0.0171875 0.05277777777777778
