0 0.80859375 0.75 0.078125 0.19444444444444445
0 0.72265625 0.6111111111111112 0.059375 0.17777777777777778
0 0.7578125 0.4736111111111111 0.0421875 0.11666666666666667
0 0.70703125 0.3625 0.0328125 0.08333333333333333
1 0.60546875 0.2833333333333333 0.046875 0.08333333333333333
0 0.296875 0.45416666666666666 0.071875 0.19166666666666668
0 0.30859375 0.2652777777777778 0.040625 0.10277777777777777
0 0.20859375 0.30972222222222223 0.0546875 0.11388888888888889
0 0.16328125 0.39444444444444443 0.0640625 0.1527777777777778
0 0.06640625 0.5 0.078125 0.1527777777777778
0 0.02578125 0.6597222222222222 0.0515625 0.13055555555555556
0 0.1046875 0.21388888888888888 0.0625 0.10277777777777777
0 0.24453125 0.15694444444444444 0.046875 0.06388888888888888
0 0.359375 0.18611111111111112 0.0328125 0.08611111111111111
0 0.37578125 0.27361111111111114 0.0296875 0.08888888888888889
1 0.42578125 0.2638888888888889 0.06875 0.12222222222222222
0 0.27890625 0.2388888888888889 0.0484375 0.12222222222222222
0 0.3984375 0.1638888888888889 0.021875 0.06111111111111111
0 0.68984375 0.3236111111111111 0.0296875 0.07222222222222222
