1 0.35390625 0.5361111111111111 0.128125 0.24444444444444444
0 0.4625 0.3472222222222222 0.0359375 0.07777777777777778
0 0.67890625 0.4708333333333333 0.05 0.12777777777777777
0 0.725 0.6472222222222223 0.0734375 0.2111111111111111
0 0.9265625 0.5527777777777778 0.0796875 0.09166666666666666
0 0.6953125 0.375 0.0359375 0.09444444444444444
0 0.675 0.35555555555555557 0.0328125 0.10277777777777777
0 0.6609375 0.35694444444444445 0.0359375 0.07777777777777778
1 0.56875 0.2708333333333333 0.053125 0.09166666666666666
0 0.64765625 0.3055555555555556 0.0265625 0.07222222222222222
0 0.63515625 0.28055555555555556 0.021875 0.06666666666666667
0 0.60703125 0.2569444444444444 0.0265625 0.06944444444444445
0 0.67890625 0.2833333333333333 0.0234375 0.058333333333333334
