0 0.68046875 0.45555555555555555 0.0359375 0.1361111111111111
0 0.59453125 0.4388888888888889 0.03125 0.10833333333333334
0 0.6265625 0.31527777777777777 0.021875 0.05555555555555555
0 0.59609375 0.2916666666666667 0.0171875 0.06388888888888888
0 0.53828125 0.29305555555555557 0.0234375 0.05
1 0.45546875 0.2652777777777778 0.0546875 0.12222222222222222
0 0.33515625 0.275 0.0140625 0.05555555555555555
0 0.83984375 0.5472222222222223 0.0328125 0.125
0 0.62421875 0.25972222222222224 0.0171875 0.05
0 0.59609375 0.23055555555555557 0.0171875 0.044444444444444446
0 0.63125 0.22083333333333333 0.0140625 0.03611111111111111
