1 0.596875 0.4875 0.0890625 0.19166666666666668
1 0.41328125 0.5444444444444444 0.128125 0.2222222222222222
1 0.225 0.6888888888888889 0.1890625 0.2972222222222222
1 0.38203125 0.8375 0.2015625 0.325
1 0.31953125 0.4222222222222222 0.090625 0.15555555555555556
1 0.321875 0.4152777777777778 0.0890625 0.1527777777777778
3 0.42578125 0.3625 0.0796875 0.1527777777777778
0 0.246875 0.4222222222222222 0.0234375 0.08055555555555556
0 0.3046875 0.33194444444444443 0.03125 0.09166666666666666
0 0.334375 0.3013888888888889 0.025 0.09444444444444444
0 0.35859375 0.2861111111111111 0.0265625 0.08333333333333333
0 0.65 0.24861111111111112 0.028125 0.09166666666666666
0 0.909375 0.3263888888888889 0.0671875 0.07777777777777778
0 0.7765625 0.2388888888888889 0.065625 0.075
0 0.6078125 0.20277777777777778 0.01875 0.06111111111111111
