1 0.31796875 0.8166666666666667 0.2046875 0.2972222222222222
1 0.41484375 0.5513888888888889 0.1203125 0.22777777777777777
1 0.38671875 0.3333333333333333 0.0609375 0.10277777777777777
1 0.5671875 0.24305555555555555 0.05625 0.058333333333333334
1 0.49140625 0.30972222222222223 0.0578125 0.08333333333333333
1 0.478125 0.37222222222222223 0.075 0.14166666666666666
2 0.11640625 0.6708333333333333 0.2328125 0.49722222222222223
2 0.41875 0.24305555555555555 0.0734375 0.13055555555555556
2 0.33671875 0.18194444444444444 0.0578125 0.06944444444444445
3 0.646875 0.5041666666666667 0.190625 0.49444444444444446
