0 0.15625 0.46111111111111114 0.0625 0.14722222222222223
0 0.0921875 0.3472222222222222 0.065625 0.12222222222222222
1 0.63828125 0.7375 0.16875 0.3638888888888889
0 0.92421875 0.49166666666666664 0.0640625 0.06944444444444445
0 0.796875 0.35 0.0515625 0.06111111111111111
0 0.7375 0.4791666666666667 0.053125 0.12222222222222222
1 0.5875 0.4152777777777778 0.065625 0.1361111111111111
0 0.67578125 0.325 0.034375 0.075
0 0.5 0.2763888888888889 0.046875 0.08888888888888889
1 0.5703125 0.30277777777777776 0.053125 0.09722222222222222
0 0.853125 0.8597222222222223 0.0640625 0.20555555555555555
0 0.65703125 0.23472222222222222 0.021875 0.06388888888888888
0 0.359375 0.2125 0.0234375 0.06388888888888888
0 0.4625 0.29305555555555557 0.025 0.08333333333333333
