0 0.8453125 0.5305555555555556 0.040625 0.11944444444444445
0 0.165625 0.29444444444444445 0.0203125 0.06944444444444445
1 0.7828125 0.7666666666666667 0.1546875 0.25277777777777777
1 0.6046875 0.3111111111111111 0.040625 0.06666666666666667
1 0.628125 0.28055555555555556 0.0421875 0.058333333333333334
1 0.675 0.25 0.0375 0.04722222222222222
1 0.65625 0.26666666666666666 0.0421875 0.05277777777777778
2 0.659375 0.46111111111111114 0.11875 0.21944444444444444
2 0.7140625 0.21666666666666667 0.0734375 0.08888888888888889
3 0.5265625 0.29444444444444445 0.0796875 0.21388888888888888
