0 0.309375 0.4777777777777778 0.0375 0.11388888888888889
0 0.253125 0.3861111111111111 0.0328125 0.09166666666666666
0 0.2421875 0.5583333333333333 0.053125 0.1361111111111111
0 0.3078125 0.7166666666666667 0.046875 0.14722222222222223
0 0.5828125 0.41944444444444445 0.0265625 0.08333333333333333
0 0.596875 0.21666666666666667 0.0203125 0.041666666666666664
0 0.2140625 0.2833333333333333 0.053125 0.05277777777777778
0 0.0796875 0.4111111111111111 0.0734375 0.06944444444444445
0 0.4328125 0.2722222222222222 0.0234375 0.08611111111111111
0 0.10625 0.7333333333333333 0.05625 0.1638888888888889
