0 0.92265625 0.5180555555555556 0.0609375 0.08333333333333333
0 0.8015625 0.37916666666666665 0.0609375 0.07222222222222222
1 0.4109375 0.5027777777777778 0.11875 0.2222222222222222
1 0.35234375 0.7513888888888889 0.178125 0.33055555555555555
1 0.2875 0.42083333333333334 0.1375 0.21666666666666667
0 0.27109375 0.2777777777777778 0.0328125 0.11666666666666667
1 0.3703125 0.2861111111111111 0.0703125 0.12222222222222222
3 0.446875 0.3472222222222222 0.090625 0.1638888888888889
0 0.365625 0.23472222222222222 0.0328125 0.07222222222222222
0 0.4578125 0.23194444444444445 0.040625 0.06666666666666667
0 0.3359375 0.24583333333333332 0.028125 0.08611111111111111
0 0.20234375 0.37916666666666665 0.046875 0.10277777777777777
