0 0.584375 0.5722222222222222 0.0390625 0.15555555555555556
0 0.3390625 0.39444444444444443 0.0265625 0.07777777777777778
0 0.253125 0.4 0.03125 0.08055555555555556
0 0.078125 0.4 0.059375 0.08333333333333333
0 0.209375 0.2861111111111111 0.0375 0.058333333333333334
0 0.34375 0.3111111111111111 0.0265625 0.08888888888888889
0 0.678125 0.3055555555555556 0.0234375 0.075
0 0.3984375 0.2388888888888889 0.01875 0.06944444444444445
0 0.540625 0.21944444444444444 0.0171875 0.05
0 0.546875 0.2722222222222222 0.01875 0.06388888888888888
0 0.6578125 0.25555555555555554 0.0171875 0.06111111111111111
0 0.6359375 0.26666666666666666 0.0171875 0.06944444444444445
0 0.6015625 0.24444444444444444 0.0140625 0.05277777777777778
0 0.6140625 0.22777777777777777 0.0171875 0.05277777777777778
0 0.35625 0.2222222222222222 0.015625 0.06388888888888888
0 0.3703125 0.2 0.0125 0.05277777777777778
0 0.565625 0.4583333333333333 0.0328125 0.09722222222222222
