2 0.32890625 0.31527777777777777 0.121875 0.2111111111111111
0 0.471875 0.28055555555555556 0.0296875 0.11388888888888889
0 0.759375 0.3736111111111111 0.05 0.09166666666666666
0 0.68046875 0.35 0.0359375 0.10555555555555556
0 0.62890625 0.30694444444444446 0.0359375 0.09444444444444444
0 0.58515625 0.32222222222222224 0.0359375 0.11388888888888889
0 0.9125 0.375 0.0609375 0.11666666666666667
0 0.9078125 0.6402777777777777 0.0640625 0.18333333333333332
2 0.76953125 0.725 0.221875 0.5194444444444445
0 0.678125 0.2861111111111111 0.021875 0.075
0 0.66171875 0.24583333333333332 0.0171875 0.06111111111111111
0 0.63828125 0.21388888888888888 0.0171875 0.058333333333333334
0 0.6234375 0.23472222222222222 0.0171875 0.058333333333333334
0 0.59296875 0.25 0.0125 0.05555555555555555
