0 0.6609375 0.4166666666666667 0.065625 0.1527777777777778
0 0.67578125 0.2972222222222222 0.0546875 0.11666666666666667
0 0.8109375 0.4097222222222222 0.0625 0.14166666666666666
0 0.9171875 0.4375 0.0734375 0.16944444444444445
0 0.078125 0.7847222222222222 0.1 0.17222222222222222
0 0.08359375 0.5680555555555555 0.075 0.1111111111111111
0 0.6125 0.26805555555555555 0.034375 0.08055555555555556
0 0.61796875 0.17222222222222222 0.0234375 0.06388888888888888
0 0.60234375 0.1763888888888889 0.0234375 0.06111111111111111
0 0.55546875 0.18888888888888888 0.0265625 0.06666666666666667
