0 0.075 0.39444444444444443 0.06875 0.08055555555555556
0 0.2078125 0.4361111111111111 0.03125 0.10555555555555556
0 0.284375 0.37777777777777777 0.0265625 0.08888888888888889
0 0.265625 0.3194444444444444 0.0203125 0.07222222222222222
0 0.303125 0.3055555555555556 0.025 0.07222222222222222
0 0.3609375 0.38333333333333336 0.0203125 0.08888888888888889
0 0.3859375 0.4722222222222222 0.0375 0.14722222222222223
0 0.384375 0.32222222222222224 0.025 0.08333333333333333
0 0.365625 0.25277777777777777 0.01875 0.07222222222222222
0 0.2125 0.5305555555555556 0.0421875 0.1388888888888889
