0 0.334375 0.6944444444444444 0.075 0.18888888888888888
1 0.2578125 0.49444444444444446 0.1359375 0.23055555555555557
0 0.2578125 0.35555555555555557 0.025 0.08055555555555556
0 0.29375 0.35555555555555557 0.0265625 0.06388888888888888
0 0.3 0.2777777777777778 0.028125 0.075
0 0.328125 0.28888888888888886 0.025 0.06944444444444445
0 0.384375 0.28055555555555556 0.0203125 0.07222222222222222
0 0.4125 0.33055555555555555 0.03125 0.08333333333333333
0 0.4140625 0.25833333333333336 0.0265625 0.08611111111111111
0 0.6390625 0.275 0.0171875 0.06388888888888888
0 0.59375 0.23333333333333334 0.0203125 0.05555555555555555
0 0.0921875 0.9 0.0859375 0.19722222222222222
0 0.3765625 0.2222222222222222 0.0203125 0.058333333333333334
