0 0.1640625 0.19166666666666668 0.025 0.06944444444444445
0 0.1921875 0.2263888888888889 0.0359375 0.08055555555555556
1 0.56796875 0.7833333333333333 0.15625 0.28888888888888886
1 0.83359375 0.9791666666666666 0.2234375 0.041666666666666664
1 0.6484375 0.3388888888888889 0.0609375 0.075
2 0.69765625 0.6138888888888889 0.165625 0.2972222222222222
2 0.70078125 0.29444444444444445 0.059375 0.09444444444444444
3 0.55 0.3638888888888889 0.11875 0.24722222222222223
3 0.63828125 0.4263888888888889 0.0859375 0.18611111111111112
0 0.18671875 0.2791666666666667 0.0328125 0.09722222222222222
