0 0.21640625 0.6027777777777777 0.075 0.16944444444444445
0 0.89453125 0.2222222222222222 0.078125 0.1111111111111111
0 0.753125 0.16805555555555557 0.0484375 0.075
0 0.36328125 0.34305555555555556 0.0296875 0.06666666666666667
0 0.33828125 0.325 0.0359375 0.08888888888888889
0 0.36484375 0.2708333333333333 0.0359375 0.07222222222222222
0 0.2765625 0.36666666666666664 0.0375 0.10277777777777777
0 0.3109375 0.3888888888888889 0.0265625 0.07777777777777778
0 0.33046875 0.4152777777777778 0.034375 0.09166666666666666
0 0.696875 0.3416666666666667 0.0640625 0.13055555555555556
