0 0.1265625 0.6013888888888889 0.06875 0.15833333333333333
0 0.27421875 0.5569444444444445 0.0609375 0.17222222222222222
0 0.8140625 0.3819444444444444 0.0546875 0.11666666666666667
0 0.67265625 0.24722222222222223 0.0453125 0.10277777777777777
0 0.29921875 0.3597222222222222 0.0359375 0.08888888888888889
0 0.33203125 0.4263888888888889 0.05 0.13055555555555556
0 0.3375 0.31666666666666665 0.0296875 0.08333333333333333
0 0.36796875 0.325 0.0359375 0.09444444444444444
0 0.39609375 0.3236111111111111 0.0265625 0.09166666666666666
0 0.33515625 0.24722222222222223 0.0296875 0.07222222222222222
0 0.37265625 0.24583333333333332 0.03125 0.06666666666666667
2 0.62734375 0.37222222222222223 0.178125 0.3472222222222222
1 0.50703125 0.23472222222222222 0.053125 0.09166666666666666
0 0.55078125 0.22361111111111112 0.03125 0.06666666666666667
0 0.075 0.49722222222222223 0.0734375 0.10277777777777777
0 0.19375 0.35555555555555557 0.0578125 0.06388888888888888
0 0.24921875 0.4847222222222222 0.0390625 0.10833333333333334
