1 0.4171875 0.39861111111111114 0.0796875 0.14444444444444443
1 0.68359375 0.6333333333333333 0.15 0.26666666666666666
1 0.5921875 0.37916666666666665 0.0859375 0.1388888888888889
0 0.76875 0.32083333333333336 0.046875 0.1
0 0.5046875 0.2847222222222222 0.05 0.075
0 0.29765625 0.32222222222222224 0.021875 0.06944444444444445
1 0.353125 0.33194444444444443 0.0609375 0.10555555555555556
0 0.0765625 0.4847222222222222 0.0640625 0.08611111111111111
0 0.1921875 0.3402777777777778 0.046875 0.05277777777777778
1 0.3609375 0.8958333333333334 0.178125 0.20833333333333334
0 0.69375 0.29583333333333334 0.028125 0.07777777777777778
1 0.43671875 0.2833333333333333 0.05625 0.09722222222222222
0 0.33828125 0.2625 0.021875 0.07222222222222222
0 0.3984375 0.2763888888888889 0.0203125 0.06666666666666667
