3 0.40546875 0.5208333333333334 0.146875 0.32222222222222224
0 0.240625 0.42916666666666664 0.04375 0.1
0 0.28828125 0.36944444444444446 0.0328125 0.08333333333333333
0 0.31640625 0.33194444444444443 0.0265625 0.08055555555555556
1 0.4359375 0.3333333333333333 0.0625 0.10833333333333334
0 0.86171875 0.6263888888888889 0.078125 0.18333333333333332
0 0.91015625 0.26666666666666666 0.05625 0.06111111111111111
0 0.77265625 0.19444444444444445 0.0484375 0.03888888888888889
0 0.71640625 0.2847222222222222 0.0421875 0.07222222222222222
0 0.6546875 0.2847222222222222 0.0375 0.075
0 0.6125 0.2611111111111111 0.03125 0.08611111111111111
0 0.3828125 0.3277777777777778 0.0296875 0.06666666666666667
0 0.3734375 0.2611111111111111 0.0359375 0.06111111111111111
0 0.4390625 0.2375 0.0234375 0.06111111111111111
