0 0.0765625 0.3861111111111111 0.0625 0.06944444444444445
0 0.140625 0.5666666666666667 0.053125 0.13333333333333333
0 0.215625 0.49444444444444446 0.034375 0.10277777777777777
0 0.25 0.3888888888888889 0.0328125 0.09444444444444444
1 0.2984375 0.4083333333333333 0.0890625 0.14722222222222223
1 0.4125 0.41944444444444445 0.0828125 0.16944444444444445
1 0.38125 0.32222222222222224 0.0640625 0.1111111111111111
0 0.3328125 0.2861111111111111 0.01875 0.058333333333333334
0 0.346875 0.25277777777777777 0.0203125 0.05
0 0.6796875 0.25833333333333336 0.01875 0.05
1 0.45 0.26666666666666666 0.0453125 0.09444444444444444
0 0.3484375 0.2111111111111111 0.0125 0.03333333333333333
0 0.3734375 0.24166666666666667 0.0140625 0.044444444444444446
