0 0.2328125 0.4083333333333333 0.0484375 0.1527777777777778
0 0.09765625 0.24305555555555555 0.0609375 0.08611111111111111
3 0.59609375 0.3888888888888889 0.159375 0.3388888888888889
0 0.46640625 0.3 0.0328125 0.09722222222222222
0 0.81015625 0.6458333333333334 0.0453125 0.12222222222222222
0 0.82421875 0.875 0.0953125 0.21388888888888888
1 0.67890625 0.4486111111111111 0.075 0.13333333333333333
0 0.759375 0.5361111111111111 0.0484375 0.10277777777777777
0 0.75078125 0.4305555555555556 0.0359375 0.09166666666666666
0 0.725 0.4083333333333333 0.028125 0.07777777777777778
0 0.69765625 0.3527777777777778 0.0296875 0.08055555555555556
0 0.6828125 0.3333333333333333 0.0265625 0.075
0 0.7125 0.3638888888888889 0.0296875 0.08611111111111111
