0 0.8328125 0.6763888888888889 0.046875 0.13055555555555556
0 0.828125 0.5180555555555556 0.034375 0.10555555555555556
0 0.69609375 0.4166666666666667 0.0390625 0.09722222222222222
0 0.65078125 0.38472222222222224 0.025 0.07777777777777778
0 0.6796875 0.33055555555555555 0.03125 0.075
0 0.7203125 0.31527777777777777 0.0375 0.08888888888888889
0 0.446875 0.33194444444444443 0.034375 0.08333333333333333
0 0.91796875 0.41805555555555557 0.065625 0.075
0 0.79140625 0.2972222222222222 0.046875 0.075
0 0.65078125 0.25972222222222224 0.0171875 0.06111111111111111
0 0.60234375 0.25833333333333336 0.0203125 0.06666666666666667
1 0.55078125 0.2791666666666667 0.05 0.09166666666666666
0 0.65 0.31527777777777777 0.0171875 0.058333333333333334
0 0.621875 0.20694444444444443 0.0171875 0.05555555555555555
0 0.33828125 0.23333333333333334 0.0125 0.05277777777777778
