0 0.36640625 0.39166666666666666 0.025 0.08055555555555556
1 0.86015625 0.7708333333333334 0.2515625 0.35
1 0.5375 0.45555555555555555 0.090625 0.1638888888888889
1 0.65390625 0.7236111111111111 0.159375 0.28888888888888886
1 0.60390625 0.3597222222222222 0.071875 0.10833333333333334
1 0.6671875 0.45555555555555555 0.1140625 0.17222222222222222
1 0.52421875 0.3458333333333333 0.059375 0.1
2 0.6515625 0.19305555555555556 0.090625 0.1111111111111111
2 0.54453125 0.23333333333333334 0.0890625 0.11944444444444445
3 0.59609375 0.275 0.071875 0.10555555555555556
0 0.25234375 0.6486111111111111 0.053125 0.15
