0 0.134375 0.6777777777777778 0.0609375 0.13333333333333333
1 0.45859375 0.5 0.09375 0.16666666666666666
1 0.4578125 0.35 0.0609375 0.10277777777777777
1 0.50546875 0.2152777777777778 0.065625 0.06666666666666667
1 0.3875 0.9319444444444445 0.2 0.1361111111111111
1 0.41875 0.2791666666666667 0.0546875 0.07777777777777778
1 0.44609375 0.30972222222222223 0.053125 0.075
1 0.3609375 0.2791666666666667 0.046875 0.06111111111111111
2 0.33203125 0.44722222222222224 0.1453125 0.2777777777777778
3 0.20703125 0.8027777777777778 0.2953125 0.39444444444444443
