1 0.39609375 0.4388888888888889 0.0734375 0.17222222222222222
0 0.30859375 0.42777777777777776 0.053125 0.10277777777777777
0 0.309375 0.5 0.0375 0.11666666666666667
0 0.24375 0.48055555555555557 0.0375 0.09722222222222222
0 0.14921875 0.4583333333333333 0.0515625 0.1
0 0.18671875 0.7513888888888889 0.090625 0.12777777777777777
0 0.0875 0.7875 0.065625 0.14444444444444443
0 0.07578125 0.4013888888888889 0.05625 0.07777777777777778
0 0.21015625 0.2916666666666667 0.065625 0.07222222222222222
0 0.36328125 0.2708333333333333 0.01875 0.07777777777777778
0 0.190625 0.5263888888888889 0.0296875 0.10277777777777777
0 0.56015625 0.2791666666666667 0.0203125 0.07777777777777778
