0 0.18828125 0.4152777777777778 0.046875 0.075
0 0.07734375 0.5847222222222223 0.0734375 0.11666666666666667
0 0.17578125 0.8944444444444445 0.1140625 0.2111111111111111
0 0.2703125 0.525 0.053125 0.13333333333333333
0 0.28671875 0.4027777777777778 0.0515625 0.11944444444444445
0 0.3234375 0.38055555555555554 0.034375 0.09166666666666666
0 0.34921875 0.3458333333333333 0.0296875 0.07777777777777778
1 0.4109375 0.49722222222222223 0.125 0.24722222222222223
0 0.759375 0.3388888888888889 0.053125 0.125
0 0.9546875 0.43333333333333335 0.0765625 0.19444444444444445
0 0.59375 0.34444444444444444 0.0375 0.1111111111111111
0 0.60859375 0.21944444444444444 0.0234375 0.06944444444444445
0 0.6859375 0.23194444444444445 0.0375 0.1
0 0.49765625 0.24027777777777778 0.03125 0.08333333333333333
0 0.32734375 0.325 0.0265625 0.07222222222222222
0 0.35390625 0.2847222222222222 0.021875 0.058333333333333334
0 0.36796875 0.2611111111111111 0.0265625 0.058333333333333334
0 0.3359375 0.26944444444444443 0.021875 0.06388888888888888
0 0.41484375 0.2625 0.028125 0.075
0 0.58359375 0.2111111111111111 0.025 0.06666666666666667
