1 0.6 0.45 0.1046875 0.18611111111111112
0 0.6421875 0.25 0.021875 0.075
0 0.884375 0.6111111111111112 0.046875 0.12222222222222222
1 0.3125 0.7944444444444444 0.1640625 0.4083333333333333
0 0.078125 0.4 0.0515625 0.06111111111111111
0 0.3015625 0.3138888888888889 0.028125 0.06944444444444445
0 0.325 0.31666666666666665 0.0203125 0.06111111111111111
0 0.328125 0.39444444444444443 0.0234375 0.075
0 0.3734375 0.3055555555555556 0.0203125 0.09166666666666666
0 0.465625 0.25 0.053125 0.075
0 0.6328125 0.2916666666666667 0.0203125 0.06944444444444445
0 0.1859375 0.7 0.0640625 0.18333333333333332
0 0.390625 0.24166666666666667 0.0203125 0.06944444444444445
