0 0.8875 0.8402777777777778 0.109375 0.2222222222222222
0 0.78515625 0.5638888888888889 0.046875 0.1361111111111111
0 0.76640625 0.46111111111111114 0.04375 0.09166666666666666
0 0.7390625 0.3486111111111111 0.0296875 0.07777777777777778
0 0.06640625 0.38055555555555554 0.053125 0.08333333333333333
0 0.34609375 0.27361111111111114 0.0203125 0.06666666666666667
0 0.38828125 0.2708333333333333 0.03125 0.11388888888888889
0 0.44921875 0.2763888888888889 0.021875 0.06388888888888888
0 0.67265625 0.275 0.01875 0.06388888888888888
1 0.61640625 0.7263888888888889 0.16875 0.2861111111111111
1 0.584375 0.49722222222222223 0.1015625 0.15
1 0.6765625 0.38333333333333336 0.0734375 0.11944444444444445
3 0.571875 0.34444444444444444 0.0859375 0.16111111111111112
1 0.61484375 0.26805555555555555 0.071875 0.08888888888888889
1 0.53984375 0.2625 0.053125 0.07777777777777778
0 0.23359375 0.5416666666666666 0.04375 0.1361111111111111
