0 0.89765625 0.7625 0.075 0.175
0 0.790625 0.5736111111111111 0.0484375 0.13055555555555556
0 0.76796875 0.4708333333333333 0.03125 0.08333333333333333
0 0.71171875 0.47638888888888886 0.0375 0.08888888888888889
0 0.678125 0.48194444444444445 0.0390625 0.10555555555555556
0 0.70625 0.40694444444444444 0.03125 0.08333333333333333
0 0.92890625 0.5305555555555556 0.065625 0.08333333333333333
0 0.2640625 0.3972222222222222 0.0375 0.09166666666666666
0 0.3171875 0.2986111111111111 0.03125 0.09166666666666666
1 0.38203125 0.3 0.06875 0.10833333333333334
0 0.18203125 0.44583333333333336 0.053125 0.11666666666666667
2 0.18515625 0.6833333333333333 0.2625 0.5
1 0.44765625 0.20972222222222223 0.0484375 0.08333333333333333
0 0.4984375 0.2625 0.03125 0.07777777777777778
0 0.67578125 0.375 0.0359375 0.08888888888888889
0 0.65390625 0.3541666666666667 0.028125 0.08055555555555556
1 0.56875 0.3013888888888889 0.059375 0.10555555555555556
0 0.50078125 0.20416666666666666 0.01875 0.044444444444444446
0 0.3546875 0.24027777777777778 0.0171875 0.05277777777777778
