3 0.44296875 0.29305555555555557 0.0625 0.1638888888888889
0 0.3078125 0.37777777777777777 0.025 0.09166666666666666
0 0.253125 0.3638888888888889 0.0328125 0.08333333333333333
0 0.2921875 0.35138888888888886 0.0234375 0.09166666666666666
0 0.31875 0.32222222222222224 0.0140625 0.04722222222222222
0 0.3390625 0.3277777777777778 0.0234375 0.075
0 0.3703125 0.3458333333333333 0.021875 0.08611111111111111
0 0.3890625 0.30277777777777776 0.0203125 0.06944444444444445
0 0.2203125 0.4777777777777778 0.0515625 0.14166666666666666
0 0.61953125 0.2569444444444444 0.0203125 0.06111111111111111
0 0.11015625 0.7263888888888889 0.071875 0.23333333333333334
0 0.92421875 0.7277777777777777 0.0578125 0.18333333333333332
0 0.315625 0.46111111111111114 0.040625 0.1111111111111111
0 0.34609375 0.2569444444444444 0.0171875 0.05
0 0.3171875 0.3 0.01875 0.06111111111111111
0 0.39921875 0.25833333333333336 0.01875 0.06666666666666667
