3 0.6359375 0.6388888888888888 0.209375 0.46944444444444444
0 0.346875 0.7472222222222222 0.053125 0.23333333333333334
0 0.2265625 0.6 0.0546875 0.16666666666666666
0 0.1609375 0.5055555555555555 0.0421875 0.11388888888888889
0 0.2234375 0.43333333333333335 0.0390625 0.10833333333333334
0 0.2890625 0.37777777777777777 0.0328125 0.09166666666666666
0 0.3484375 0.36666666666666664 0.03125 0.11666666666666667
0 0.409375 0.43333333333333335 0.034375 0.10833333333333334
0 0.4375 0.34444444444444444 0.0265625 0.09444444444444444
0 0.3546875 0.275 0.015625 0.06388888888888888
0 0.375 0.2972222222222222 0.021875 0.06666666666666667
0 0.078125 0.39166666666666666 0.0625 0.06944444444444445
0 0.3046875 0.3055555555555556 0.034375 0.08888888888888889
