0 0.38125 0.7458333333333333 0.0609375 0.2
0 0.1734375 0.5027777777777778 0.0453125 0.09444444444444444
0 0.4109375 0.5055555555555555 0.053125 0.16666666666666666
0 0.3390625 0.2972222222222222 0.028125 0.08611111111111111
0 0.090625 0.2916666666666667 0.0609375 0.09444444444444444
0 0.13671875 0.2611111111111111 0.0421875 0.09166666666666666
1 0.55859375 0.3013888888888889 0.065625 0.10277777777777777
1 0.64296875 0.3111111111111111 0.0640625 0.1111111111111111
0 0.3765625 0.225 0.0265625 0.07777777777777778
0 0.30625 0.5166666666666667 0.065625 0.16666666666666666
0 0.33828125 0.36944444444444446 0.040625 0.11944444444444445
0 0.44296875 0.18333333333333332 0.021875 0.06388888888888888
0 0.68515625 0.2708333333333333 0.021875 0.058333333333333334
