0 0.2546875 0.5305555555555556 0.046875 0.15555555555555556
0 0.309375 0.4111111111111111 0.0265625 0.11666666666666667
0 0.3125 0.33611111111111114 0.021875 0.041666666666666664
1 0.5953125 0.39444444444444443 0.0640625 0.10555555555555556
0 0.6859375 0.3888888888888889 0.034375 0.09444444444444444
0 0.7265625 0.6583333333333333 0.0421875 0.15555555555555556
0 0.684375 0.8916666666666667 0.0734375 0.21388888888888888
0 0.328125 0.2777777777777778 0.0234375 0.075
0 0.3765625 0.2833333333333333 0.0203125 0.06944444444444445
0 0.61875 0.2361111111111111 0.0125 0.05277777777777778
