0 0.71796875 0.4875 0.0625 0.16944444444444445
0 0.8703125 0.5013888888888889 0.0765625 0.2
0 0.80625 0.5125 0.0703125 0.1638888888888889
0 0.95703125 0.47638888888888886 0.0859375 0.18611111111111112
0 0.88984375 0.20833333333333334 0.0734375 0.10555555555555556
0 0.85703125 0.175 0.0375 0.09166666666666666
1 0.56640625 0.4027777777777778 0.1140625 0.20833333333333334
1 0.3953125 0.39444444444444443 0.071875 0.125
2 0.3578125 0.28888888888888886 0.103125 0.17777777777777778
1 0.33671875 0.9152777777777777 0.2140625 0.16944444444444445
1 0.525 0.2777777777777778 0.075 0.1361111111111111
0 0.68515625 0.28888888888888886 0.0328125 0.07777777777777778
0 0.73359375 0.3541666666666667 0.0578125 0.14444444444444443
0 0.6953125 0.35555555555555557 0.0453125 0.10555555555555556
0 0.66015625 0.45555555555555555 0.065625 0.12777777777777777
0 0.6359375 0.3375 0.0515625 0.125
0 0.653125 0.3125 0.040625 0.11666666666666667
0 0.64609375 0.2375 0.0296875 0.06388888888888888
0 0.6078125 0.21805555555555556 0.0328125 0.09166666666666666
0 0.5859375 0.2111111111111111 0.0296875 0.07777777777777778
0 0.5703125 0.2361111111111111 0.0234375 0.06944444444444445
0 0.53828125 0.2263888888888889 0.0234375 0.06388888888888888
0 0.6671875 0.225 0.0296875 0.07777777777777778
0 0.53671875 0.2152777777777778 0.021875 0.06388888888888888
