0 0.58359375 0.4791666666666667 0.034375 0.1111111111111111
1 0.40234375 0.6361111111111111 0.1328125 0.25277777777777777
1 0.13984375 0.7736111111111111 0.25625 0.35
1 0.32421875 0.5208333333333334 0.1109375 0.17222222222222222
1 0.48203125 0.4152777777777778 0.0671875 0.12222222222222222
1 0.4953125 0.3194444444444444 0.0484375 0.07222222222222222
1 0.6765625 0.4013888888888889 0.059375 0.1111111111111111
1 0.4109375 0.3541666666666667 0.05625 0.1
1 0.46640625 0.25416666666666665 0.0421875 0.06388888888888888
1 0.32890625 0.2 0.0484375 0.06111111111111111
3 0.45703125 0.19166666666666668 0.1125 0.09444444444444444
1 0.4109375 0.2652777777777778 0.0453125 0.08055555555555556
