1 0.6265625 0.8333333333333334 0.1578125 0.3055555555555556
1 0.278125 0.6305555555555555 0.1 0.2111111111111111
1 0.659375 0.5055555555555555 0.1 0.1527777777777778
1 0.5984375 0.30833333333333335 0.040625 0.05555555555555555
1 0.603125 0.38333333333333336 0.0546875 0.09444444444444444
1 0.528125 0.2861111111111111 0.040625 0.05555555555555555
1 0.5203125 0.3333333333333333 0.0484375 0.075
1 0.64375 0.25555555555555554 0.0375 0.05
1 0.5359375 0.43333333333333335 0.0796875 0.1527777777777778
2 0.8390625 0.775 0.2953125 0.44722222222222224
3 0.6125 0.20277777777777778 0.0984375 0.08055555555555556
0 0.4375 0.3194444444444444 0.025 0.08055555555555556
