0 0.159375 0.4083333333333333 0.0203125 0.08888888888888889
1 0.6296875 0.4388888888888889 0.0765625 0.12222222222222222
1 0.5328125 0.23055555555555557 0.0609375 0.05555555555555555
1 0.1734375 0.5333333333333333 0.0859375 0.17222222222222222
1 0.5203125 0.35555555555555557 0.0546875 0.1
1 0.6265625 0.24444444444444444 0.0359375 0.041666666666666664
1 0.665625 0.25 0.040625 0.05
1 0.61875 0.2777777777777778 0.0390625 0.044444444444444446
1 0.5171875 0.29444444444444445 0.05 0.06111111111111111
2 0.659375 0.85 0.2484375 0.29444444444444445
2 0.6125 0.33611111111111114 0.053125 0.09722222222222222
0 0.70625 0.3 0.0203125 0.06111111111111111
