3 0.6421875 0.2222222222222222 0.0609375 0.06666666666666667
1 0.5796875 0.6138888888888889 0.1109375 0.2222222222222222
1 0.6625 0.9277777777777778 0.178125 0.1388888888888889
1 0.85 0.8611111111111112 0.2171875 0.2777777777777778
1 0.5375 0.4111111111111111 0.0578125 0.11666666666666667
1 0.5390625 0.3111111111111111 0.05 0.08888888888888889
1 0.6046875 0.3055555555555556 0.0390625 0.06111111111111111
1 0.565625 0.2722222222222222 0.0359375 0.05555555555555555
2 0.68125 0.4722222222222222 0.153125 0.2833333333333333
0 0.91875 0.5666666666666667 0.046875 0.12222222222222222
0 0.0984375 0.5027777777777778 0.0421875 0.11944444444444445
