0 0.17265625 0.3388888888888889 0.0265625 0.09444444444444444
0 0.75703125 0.42083333333333334 0.03125 0.08611111111111111
1 0.62109375 0.29444444444444445 0.04375 0.058333333333333334
1 0.88046875 0.6194444444444445 0.146875 0.19166666666666668
1 0.6703125 0.2763888888888889 0.0375 0.058333333333333334
1 0.5515625 0.3 0.0484375 0.06666666666666667
1 0.61875 0.25833333333333336 0.0390625 0.05
1 0.6109375 0.3388888888888889 0.0359375 0.05555555555555555
2 0.62421875 0.6041666666666666 0.2546875 0.5722222222222222
3 0.67734375 0.22083333333333333 0.0796875 0.075
