1 0.35703125 0.7208333333333333 0.134375 0.2388888888888889
0 0.7375 0.6291666666666667 0.05 0.125
0 0.8640625 0.6527777777777778 0.05 0.15
0 0.92109375 0.3763888888888889 0.075 0.08888888888888889
0 0.70625 0.31805555555555554 0.0203125 0.06666666666666667
0 0.6640625 0.3333333333333333 0.0359375 0.09444444444444444
1 0.5734375 0.35555555555555557 0.0640625 0.1388888888888889
1 0.725 0.8291666666666667 0.2046875 0.33055555555555555
0 0.63515625 0.2902777777777778 0.0234375 0.07222222222222222
0 0.9390625 0.6472222222222223 0.05625 0.18611111111111112
0 0.73515625 0.41805555555555557 0.0265625 0.09166666666666666
0 0.67265625 0.25833333333333336 0.015625 0.05
1 0.57578125 0.2611111111111111 0.0359375 0.06111111111111111
0 0.6375 0.2125 0.0140625 0.044444444444444446
