0 0.2546875 0.5305555555555556 0.0484375 0.15555555555555556
0 0.309375 0.4111111111111111 0.025 0.11666666666666667
0 0.3125 0.33611111111111114 0.0234375 0.044444444444444446
1 0.5953125 0.39444444444444443 0.0671875 0.11388888888888889
0 0.6859375 0.3888888888888889 0.0359375 0.09722222222222222
0 0.7265625 0.6583333333333333 0.040625 0.15555555555555556
0 0.684375 0.8916666666666667 0.06875 0.20833333333333334
0 0.328125 0.2777777777777778 0.021875 0.075
0 0.3765625 0.2833333333333333 0.021875 0.06944444444444445
0 0.61875 0.2361111111111111 0.0140625 0.05555555555555555
