3 0.62578125 0.6277777777777778 0.1671875 0.39166666666666666
1 0.55390625 0.32222222222222224 0.065625 0.09722222222222222
0 0.6125 0.37777777777777777 0.025 0.08888888888888889
0 0.67734375 0.3402777777777778 0.0296875 0.06944444444444445
0 0.7 0.33055555555555555 0.0265625 0.07222222222222222
0 0.75390625 0.38333333333333336 0.034375 0.11666666666666667
0 0.28359375 0.4083333333333333 0.0359375 0.11944444444444445
0 0.090625 0.6013888888888889 0.06875 0.11944444444444445
0 0.090625 0.3333333333333333 0.059375 0.075
0 0.21484375 0.23194444444444445 0.040625 0.03611111111111111
0 0.3265625 0.25833333333333336 0.0296875 0.08888888888888889
0 0.365625 0.23333333333333334 0.0234375 0.06666666666666667
0 0.39375 0.24027777777777778 0.025 0.075
0 0.5828125 0.225 0.01875 0.06388888888888888
0 0.565625 0.2513888888888889 0.0265625 0.07222222222222222
0 0.64453125 0.24583333333333332 0.028125 0.06388888888888888
