0 0.878125 0.7861111111111111 0.084375 0.25
0 0.39375 0.7111111111111111 0.0578125 0.20555555555555555
0 0.2890625 0.5638888888888889 0.040625 0.1388888888888889
0 0.29375 0.41944444444444445 0.0265625 0.10277777777777777
0 0.3015625 0.3388888888888889 0.03125 0.08333333333333333
0 0.353125 0.3277777777777778 0.025 0.07222222222222222
0 0.375 0.39444444444444443 0.0265625 0.1
0 0.4359375 0.38333333333333336 0.0203125 0.10277777777777777
0 0.428125 0.3 0.01875 0.06388888888888888
0 0.459375 0.28055555555555556 0.0234375 0.06666666666666667
0 0.3828125 0.3111111111111111 0.025 0.06666666666666667
0 0.6921875 0.26666666666666666 0.0171875 0.06944444444444445
1 0.5328125 0.22777777777777777 0.04375 0.06666666666666667
0 0.41875 0.2777777777777778 0.0140625 0.075
