0 0.10859375 0.6277777777777778 0.06875 0.125
0 0.58515625 0.3472222222222222 0.034375 0.1
0 0.7265625 0.3416666666666667 0.0359375 0.1111111111111111
0 0.82109375 0.4041666666666667 0.0671875 0.16111111111111112
0 0.5875 0.24027777777777778 0.0234375 0.06388888888888888
0 0.64140625 0.26805555555555555 0.025 0.075
0 0.075 0.49722222222222223 0.075 0.10555555555555556
0 0.38359375 0.31527777777777777 0.028125 0.075
0 0.63828125 0.1986111111111111 0.0203125 0.05277777777777778
0 0.61484375 0.2 0.015625 0.05277777777777778
