1 0.553125 0.5055555555555555 0.0765625 0.1361111111111111
1 0.534375 0.29444444444444445 0.040625 0.05277777777777778
1 0.5640625 0.2638888888888889 0.0421875 0.05555555555555555
1 0.528125 0.3388888888888889 0.0484375 0.08055555555555556
1 0.603125 0.3111111111111111 0.0484375 0.05555555555555555
1 0.603125 0.3638888888888889 0.0484375 0.08888888888888889
1 0.6265625 0.2777777777777778 0.0375 0.05277777777777778
2 0.6578125 0.45 0.090625 0.1388888888888889
2 0.6984375 0.7444444444444445 0.3125 0.5083333333333333
3 0.6515625 0.2 0.096875 0.08333333333333333
1 0.209375 0.35 0.059375 0.09722222222222222
