0 0.959375 0.6111111111111112 0.0703125 0.18333333333333332
0 0.8578125 0.5027777777777778 0.053125 0.13333333333333333
0 0.7859375 0.45555555555555555 0.040625 0.1
0 0.7515625 0.4083333333333333 0.025 0.08055555555555556
1 0.6796875 0.425 0.059375 0.1111111111111111
3 0.5828125 0.35555555555555557 0.1296875 0.325
0 0.684375 0.3333333333333333 0.0171875 0.06666666666666667
0 0.6734375 0.28055555555555556 0.0265625 0.06666666666666667
0 0.30625 0.3 0.0328125 0.07777777777777778
0 0.0828125 0.4083333333333333 0.06875 0.075
0 0.69375 0.29444444444444445 0.0171875 0.06944444444444445
