0 0.1171875 0.6166666666666667 0.0453125 0.16666666666666666
0 0.2109375 0.5333333333333333 0.0421875 0.09444444444444444
0 0.353125 0.3 0.0296875 0.06388888888888888
0 0.20625 0.29444444444444445 0.0390625 0.05277777777777778
0 0.0734375 0.3972222222222222 0.053125 0.08888888888888889
1 0.5515625 0.29444444444444445 0.05 0.10833333333333334
0 0.765625 0.4111111111111111 0.046875 0.1
0 0.690625 0.3055555555555556 0.0234375 0.06666666666666667
0 0.6375 0.2972222222222222 0.025 0.07777777777777778
0 0.609375 0.2777777777777778 0.0171875 0.06388888888888888
0 0.5921875 0.2722222222222222 0.0171875 0.06111111111111111
0 0.6734375 0.28888888888888886 0.01875 0.07222222222222222
0 0.440625 0.26666666666666666 0.0546875 0.08611111111111111
0 0.659375 0.28888888888888886 0.0203125 0.06666666666666667
