1 0.40625 0.4527777777777778 0.1015625 0.20833333333333334
0 0.26875 0.6361111111111111 0.06875 0.18333333333333332
0 0.175 0.6819444444444445 0.0546875 0.225
0 0.23203125 0.38055555555555554 0.04375 0.11666666666666667
0 0.30546875 0.3972222222222222 0.034375 0.125
0 0.178125 0.4791666666666667 0.0546875 0.15
0 0.3125 0.2986111111111111 0.0265625 0.08611111111111111
0 0.384375 0.32916666666666666 0.0296875 0.10277777777777777
0 0.4140625 0.29444444444444445 0.021875 0.06388888888888888
0 0.446875 0.2902777777777778 0.01875 0.06666666666666667
0 0.5515625 0.29444444444444445 0.01875 0.058333333333333334
0 0.7609375 0.47638888888888886 0.0421875 0.11388888888888889
0 0.7078125 0.3111111111111111 0.0234375 0.06666666666666667
0 0.41015625 0.2361111111111111 0.021875 0.058333333333333334
