1 0.56015625 0.5208333333333334 0.1046875 0.19166666666666668
1 0.64765625 0.7583333333333333 0.2 0.3861111111111111
1 0.8734375 0.7166666666666667 0.253125 0.35555555555555557
1 0.48359375 0.22777777777777777 0.0625 0.075
1 0.49296875 0.3236111111111111 0.0640625 0.1111111111111111
1 0.61171875 0.175 0.0453125 0.05555555555555555
1 0.51953125 0.25555555555555554 0.046875 0.06944444444444445
2 0.60234375 0.275 0.1109375 0.20277777777777778
3 0.65625 0.38472222222222224 0.0984375 0.20833333333333334
0 0.17109375 0.4388888888888889 0.0375 0.09166666666666666
0 0.7078125 0.275 0.028125 0.075
