0 0.15390625 0.5152777777777777 0.065625 0.15555555555555556
0 0.278125 0.3638888888888889 0.05 0.13333333333333333
0 0.33828125 0.3472222222222222 0.034375 0.11944444444444445
0 0.403125 0.2708333333333333 0.0296875 0.09444444444444444
0 0.37421875 0.2625 0.028125 0.075
0 0.0921875 0.2833333333333333 0.065625 0.08333333333333333
0 0.22578125 0.20277777777777778 0.0546875 0.06944444444444445
0 0.6078125 0.36944444444444446 0.040625 0.09722222222222222
0 0.23125 0.3236111111111111 0.0453125 0.11388888888888889
1 0.4453125 0.29305555555555557 0.06875 0.13055555555555556
0 0.13515625 0.6527777777777778 0.0484375 0.15833333333333333
0 0.31484375 0.27361111111111114 0.0234375 0.08055555555555556
0 0.33671875 0.27361111111111114 0.025 0.07222222222222222
0 0.4 0.16805555555555557 0.0203125 0.05277777777777778
