0 0.1578125 0.41805555555555557 0.0671875 0.14166666666666666
0 0.2609375 0.275 0.0546875 0.12222222222222222
0 0.33125 0.2611111111111111 0.0265625 0.08333333333333333
1 0.371875 0.43333333333333335 0.084375 0.15833333333333333
1 0.61484375 0.6277777777777778 0.140625 0.28055555555555556
0 0.92890625 0.5194444444444445 0.075 0.10277777777777777
0 0.80625 0.36944444444444446 0.0484375 0.06666666666666667
0 0.7359375 0.40555555555555556 0.021875 0.075
0 0.715625 0.39166666666666666 0.0234375 0.08333333333333333
1 0.67734375 0.42916666666666664 0.0796875 0.1388888888888889
1 0.58671875 0.39444444444444443 0.065625 0.125
0 0.50078125 0.2611111111111111 0.0515625 0.08611111111111111
0 0.69375 0.3458333333333333 0.03125 0.075
0 0.6578125 0.3416666666666667 0.025 0.07777777777777778
0 0.36328125 0.20833333333333334 0.0234375 0.07777777777777778
0 0.621875 0.3597222222222222 0.0234375 0.07777777777777778
0 0.659375 0.275 0.01875 0.06111111111111111
3 0.575 0.2263888888888889 0.06875 0.14722222222222223
1 0.434375 0.2986111111111111 0.06875 0.11944444444444445
0 0.63359375 0.24722222222222223 0.0203125 0.058333333333333334
0 0.6453125 0.30416666666666664 0.01875 0.07222222222222222
