0 0.38515625 0.3375 0.025 0.08055555555555556
1 0.81171875 0.8777777777777778 0.2421875 0.24444444444444444
1 0.54296875 0.4736111111111111 0.0890625 0.1638888888888889
1 0.61875 0.7833333333333333 0.175 0.31666666666666665
1 0.61953125 0.4083333333333333 0.0671875 0.1
1 0.66796875 0.5277777777777778 0.1125 0.16944444444444445
1 0.54453125 0.3611111111111111 0.059375 0.09722222222222222
2 0.6890625 0.26666666666666666 0.090625 0.1111111111111111
2 0.5796875 0.25972222222222224 0.0890625 0.12222222222222222
3 0.62421875 0.32222222222222224 0.0703125 0.10555555555555556
0 0.2390625 0.5388888888888889 0.0625 0.16111111111111112
