1 0.4125 0.5111111111111111 0.096875 0.21944444444444444
0 0.2015625 0.6611111111111111 0.0625 0.2111111111111111
0 0.284375 0.5444444444444444 0.0484375 0.14166666666666666
0 0.346875 0.31666666666666665 0.03125 0.09444444444444444
0 0.36875 0.25833333333333336 0.01875 0.058333333333333334
0 0.35 0.23055555555555557 0.028125 0.05555555555555555
0 0.5671875 0.3194444444444444 0.025 0.09722222222222222
0 0.65 0.3138888888888889 0.0265625 0.07777777777777778
0 0.696875 0.36666666666666664 0.0359375 0.10277777777777777
0 0.740625 0.8638888888888889 0.11875 0.25
2 0.55 0.20277777777777778 0.0859375 0.11944444444444445
0 0.725 0.3527777777777778 0.0359375 0.10555555555555556
0 0.2828125 0.3 0.0390625 0.06944444444444445
0 0.25 0.38333333333333336 0.021875 0.08611111111111111
0 0.078125 0.3888888888888889 0.0671875 0.08333333333333333
0 0.20625 0.2861111111111111 0.0453125 0.06388888888888888
0 0.3953125 0.21666666666666667 0.015625 0.06666666666666667
1 0.45 0.25833333333333336 0.053125 0.09444444444444444
0 0.2484375 0.4722222222222222 0.0328125 0.11944444444444445
0 0.4921875 0.2388888888888889 0.0234375 0.05277777777777778
