2 0.628125 0.24166666666666667 0.084375 0.13333333333333333
0 0.25 0.41944444444444445 0.034375 0.1361111111111111
0 0.3171875 0.4083333333333333 0.0390625 0.10833333333333334
0 0.365625 0.4388888888888889 0.0390625 0.125
0 0.0765625 0.4 0.0609375 0.08888888888888889
0 0.290625 0.3194444444444444 0.01875 0.07777777777777778
0 0.3734375 0.3333333333333333 0.0234375 0.07777777777777778
0 0.3375 0.3138888888888889 0.015625 0.06666666666666667
2 0.8328125 0.6638888888888889 0.3140625 0.6666666666666666
0 0.08125 0.6277777777777778 0.0625 0.10833333333333334
0 0.3296875 0.2722222222222222 0.0265625 0.06111111111111111
0 0.35 0.275 0.0109375 0.05555555555555555
0 0.4 0.26666666666666666 0.0171875 0.06111111111111111
0 0.3625 0.275 0.0140625 0.06388888888888888
0 0.2203125 0.5388888888888889 0.040625 0.12222222222222222
1 0.45625 0.25555555555555554 0.04375 0.08333333333333333
0 0.70625 0.325 0.0203125 0.05555555555555555
0 0.51875 0.2611111111111111 0.021875 0.08055555555555556
