1 0.61875 0.8388888888888889 0.1359375 0.2722222222222222
1 0.6203125 0.29444444444444445 0.053125 0.06388888888888888
1 0.55625 0.26666666666666666 0.05 0.06388888888888888
2 0.73125 0.6138888888888889 0.1640625 0.29444444444444445
2 0.6671875 0.2388888888888889 0.05625 0.06666666666666667
3 0.5421875 0.39444444444444443 0.1015625 0.225
3 0.6390625 0.3888888888888889 0.0703125 0.17222222222222222
0 0.1953125 0.3416666666666667 0.025 0.08611111111111111
0 0.075 0.4888888888888889 0.04375 0.11944444444444445
0 0.175 0.2972222222222222 0.0265625 0.07222222222222222
0 0.140625 0.28888888888888886 0.0171875 0.06111111111111111
