0 0.896875 0.2152777777777778 0.0796875 0.125
0 0.840625 0.36944444444444446 0.0734375 0.10833333333333334
0 0.7703125 0.29444444444444445 0.0421875 0.1111111111111111
0 0.7484375 0.36666666666666664 0.0625 0.14722222222222223
0 0.7078125 0.28194444444444444 0.0453125 0.10277777777777777
3 0.603125 0.3888888888888889 0.2515625 0.5944444444444444
0 0.64921875 0.20833333333333334 0.028125 0.06666666666666667
0 0.2640625 0.4152777777777778 0.03125 0.075
0 0.29609375 0.37916666666666665 0.0328125 0.07222222222222222
0 0.36796875 0.32916666666666666 0.0265625 0.06388888888888888
2 0.8828125 0.5847222222222223 0.234375 0.5638888888888889
