0 0.32265625 0.4722222222222222 0.046875 0.15833333333333333
0 0.26015625 0.4736111111111111 0.04375 0.11666666666666667
0 0.19921875 0.46805555555555556 0.05 0.15
0 0.26640625 0.4027777777777778 0.0390625 0.10277777777777777
0 0.31796875 0.30833333333333335 0.0234375 0.08333333333333333
0 0.29609375 0.29583333333333334 0.0375 0.09444444444444444
0 0.33984375 0.29583333333333334 0.0234375 0.07222222222222222
0 0.36171875 0.2861111111111111 0.0296875 0.08055555555555556
0 0.3828125 0.27361111111111114 0.028125 0.06944444444444445
1 0.43515625 0.3013888888888889 0.0671875 0.125
0 0.91484375 0.37083333333333335 0.0625 0.07777777777777778
0 0.76640625 0.28888888888888886 0.0578125 0.075
0 0.61640625 0.21805555555555556 0.0203125 0.06944444444444445
