0 0.596875 0.49722222222222223 0.0359375 0.11944444444444445
0 0.9734375 0.475 0.04375 0.13055555555555556
1 0.40234375 0.7319444444444444 0.1453125 0.2722222222222222
1 0.30390625 0.6347222222222222 0.128125 0.18611111111111112
1 0.4703125 0.4527777777777778 0.06875 0.125
1 0.478125 0.3347222222222222 0.0484375 0.075
1 0.39140625 0.4152777777777778 0.0640625 0.10833333333333334
1 0.45234375 0.2708333333333333 0.04375 0.06388888888888888
1 0.39609375 0.30972222222222223 0.04375 0.06944444444444445
1 0.37265625 0.2777777777777778 0.040625 0.04722222222222222
3 0.44140625 0.20555555555555555 0.115625 0.08888888888888889
1 0.67734375 0.3055555555555556 0.0515625 0.08333333333333333
