1 0.34375 0.8013888888888889 0.221875 0.3527777777777778
1 0.2734375 0.5555555555555556 0.1640625 0.25833333333333336
1 0.43125 0.5083333333333333 0.103125 0.2
1 0.41328125 0.23055555555555557 0.05 0.07222222222222222
1 0.4234375 0.2777777777777778 0.05 0.07222222222222222
1 0.3875 0.3763888888888889 0.0890625 0.14722222222222223
1 0.49296875 0.3458333333333333 0.0609375 0.10833333333333334
1 0.36875 0.18888888888888888 0.04375 0.05555555555555555
1 0.4078125 0.32222222222222224 0.0703125 0.10277777777777777
2 0.559375 0.23055555555555557 0.159375 0.18055555555555555
3 0.38046875 0.1597222222222222 0.0640625 0.09722222222222222
