0 0.675 0.5083333333333333 0.0421875 0.1361111111111111
0 0.72890625 0.4708333333333333 0.0359375 0.08611111111111111
0 0.70390625 0.38333333333333336 0.0390625 0.08611111111111111
0 0.65078125 0.37777777777777777 0.0296875 0.06666666666666667
0 0.65859375 0.3194444444444444 0.0234375 0.041666666666666664
0 0.75390625 0.6041666666666666 0.05625 0.10555555555555556
0 0.78125 0.8180555555555555 0.084375 0.18333333333333332
0 0.91796875 0.4361111111111111 0.053125 0.07777777777777778
0 0.796875 0.3055555555555556 0.059375 0.05277777777777778
0 0.165625 0.6444444444444445 0.0796875 0.17222222222222222
0 0.5890625 0.3 0.0296875 0.08888888888888889
0 0.62578125 0.25555555555555554 0.028125 0.08333333333333333
0 0.5890625 0.23055555555555557 0.01875 0.06388888888888888
