0 0.32265625 0.5333333333333333 0.0546875 0.16111111111111112
0 0.26171875 0.5555555555555556 0.05625 0.12777777777777777
0 0.2015625 0.5708333333333333 0.0640625 0.16111111111111112
0 0.2609375 0.4847222222222222 0.046875 0.10833333333333334
0 0.30078125 0.3736111111111111 0.03125 0.08888888888888889
0 0.27734375 0.36944444444444446 0.0421875 0.09722222222222222
0 0.3203125 0.3541666666666667 0.0296875 0.07777777777777778
0 0.340625 0.3375 0.0359375 0.08611111111111111
0 0.3609375 0.31805555555555554 0.0375 0.08055555555555556
1 0.41484375 0.3263888888888889 0.0796875 0.14722222222222223
0 0.89375 0.23333333333333334 0.065625 0.08888888888888889
0 0.7390625 0.20277777777777778 0.0625 0.08611111111111111
0 0.58359375 0.18333333333333332 0.0234375 0.07222222222222222
