1 0.59609375 0.4791666666666667 0.078125 0.15833333333333333
0 0.8015625 0.7416666666666667 0.0765625 0.15
0 0.92578125 0.49166666666666664 0.065625 0.08888888888888889
0 0.69140625 0.3902777777777778 0.03125 0.10277777777777777
0 0.628125 0.3763888888888889 0.028125 0.08333333333333333
0 0.66015625 0.3055555555555556 0.0296875 0.08055555555555556
0 0.3875 0.23194444444444445 0.034375 0.075
0 0.51875 0.25555555555555554 0.0421875 0.07222222222222222
0 0.6234375 0.24166666666666667 0.021875 0.05555555555555555
0 0.63671875 0.325 0.0234375 0.06388888888888888
