0 0.43515625 0.2902777777777778 0.0203125 0.08055555555555556
0 0.490625 0.25555555555555554 0.040625 0.075
0 0.34453125 0.32222222222222224 0.0234375 0.06666666666666667
0 0.3390625 0.4361111111111111 0.03125 0.09166666666666666
0 0.2015625 0.6347222222222222 0.05625 0.12222222222222222
0 0.14375 0.525 0.059375 0.13055555555555556
0 0.3859375 0.3138888888888889 0.0453125 0.10277777777777777
0 0.3796875 0.2638888888888889 0.0203125 0.058333333333333334
0 0.38125 0.2222222222222222 0.01875 0.05555555555555555
0 0.6171875 0.21805555555555556 0.0203125 0.06388888888888888
