0 0.36484375 0.4666666666666667 0.0609375 0.13333333333333333
0 0.9234375 0.44722222222222224 0.0625 0.08611111111111111
0 0.8015625 0.3263888888888889 0.053125 0.058333333333333334
1 0.45390625 0.2763888888888889 0.0515625 0.08888888888888889
0 0.47578125 0.35555555555555557 0.0234375 0.08333333333333333
0 0.28828125 0.3013888888888889 0.028125 0.08055555555555556
0 0.3109375 0.2847222222222222 0.021875 0.06944444444444445
0 0.3484375 0.2833333333333333 0.021875 0.06666666666666667
0 0.37578125 0.26805555555555555 0.021875 0.07222222222222222
0 0.396875 0.25833333333333336 0.0265625 0.075
0 0.415625 0.2611111111111111 0.01875 0.058333333333333334
0 0.33828125 0.34305555555555556 0.028125 0.08611111111111111
0 0.33046875 0.2722222222222222 0.025 0.06944444444444445
0 0.84765625 0.6625 0.0640625 0.15833333333333333
0 0.6390625 0.23333333333333334 0.0234375 0.06944444444444445
