0 0.90234375 0.6 0.096875 0.225
0 0.90859375 0.3125 0.071875 0.08333333333333333
0 0.7796875 0.22083333333333333 0.046875 0.06666666666666667
0 0.63984375 0.24027777777777778 0.0265625 0.07777777777777778
1 0.4234375 0.30694444444444446 0.0671875 0.11666666666666667
0 0.2375 0.6666666666666666 0.0484375 0.14722222222222223
0 0.23671875 0.47638888888888886 0.0453125 0.13055555555555556
0 0.20546875 0.48055555555555557 0.0421875 0.11388888888888889
0 0.28984375 0.35555555555555557 0.0296875 0.06666666666666667
0 0.26015625 0.3736111111111111 0.025 0.06388888888888888
0 0.3078125 0.3347222222222222 0.0234375 0.06944444444444445
0 0.32890625 0.3472222222222222 0.0359375 0.1
0 0.3546875 0.30833333333333335 0.021875 0.06666666666666667
0 0.37578125 0.3 0.034375 0.07777777777777778
0 0.6046875 0.19166666666666668 0.0234375 0.07222222222222222
