1 0.578125 0.5444444444444444 0.1203125 0.225
1 0.59765625 0.8222222222222222 0.146875 0.30277777777777776
1 0.72421875 0.5555555555555556 0.125 0.20555555555555555
1 0.67890625 0.3958333333333333 0.0890625 0.13055555555555556
3 0.578125 0.3736111111111111 0.090625 0.17777777777777778
0 0.6671875 0.31805555555555554 0.028125 0.075
0 0.70625 0.3638888888888889 0.0359375 0.10277777777777777
0 0.7546875 0.42916666666666664 0.034375 0.10833333333333334
0 0.40703125 0.24166666666666667 0.021875 0.07222222222222222
1 0.46171875 0.26666666666666666 0.0609375 0.11944444444444445
0 0.24453125 0.31805555555555554 0.0359375 0.06666666666666667
0 0.17890625 0.4527777777777778 0.0359375 0.10277777777777777
0 0.08984375 0.30277777777777776 0.0609375 0.08333333333333333
0 0.22578125 0.2125 0.05 0.06666666666666667
0 0.32421875 0.24861111111111112 0.0375 0.10277777777777777
0 0.5859375 0.37222222222222223 0.0015625 0.002777777777777778
0 0.2609375 0.39305555555555555 0.0515625 0.13055555555555556
