0 0.14453125 0.325 0.0328125 0.08888888888888889
1 0.7328125 0.7347222222222223 0.1484375 0.2361111111111111
1 0.5828125 0.7638888888888888 0.1375 0.2611111111111111
1 0.54609375 0.5152777777777777 0.08125 0.15
1 0.621875 0.4152777777777778 0.0609375 0.10833333333333334
1 0.70234375 0.26944444444444443 0.0390625 0.05555555555555555
1 0.61953125 0.3013888888888889 0.0453125 0.06388888888888888
1 0.66328125 0.28055555555555556 0.05625 0.06944444444444445
1 0.52890625 0.3263888888888889 0.0578125 0.09722222222222222
1 0.59609375 0.325 0.0515625 0.075
1 0.5765625 0.2777777777777778 0.040625 0.058333333333333334
2 0.7421875 0.2388888888888889 0.0546875 0.06111111111111111
3 0.46484375 0.19305555555555556 0.1234375 0.12222222222222222
0 0.1859375 0.21944444444444444 0.01875 0.06666666666666667
