1 0.43046875 0.5555555555555556 0.096875 0.17222222222222222
1 0.47734375 0.35833333333333334 0.0609375 0.10833333333333334
1 0.40859375 0.3111111111111111 0.0484375 0.06944444444444445
1 0.3859375 0.36944444444444446 0.0578125 0.08888888888888889
1 0.39296875 0.26944444444444443 0.0375 0.05555555555555555
1 0.4546875 0.2611111111111111 0.04375 0.058333333333333334
1 0.4796875 0.2972222222222222 0.0421875 0.058333333333333334
1 0.3203125 0.2152777777777778 0.03125 0.044444444444444446
2 0.3171875 0.49444444444444446 0.140625 0.20277777777777778
2 0.24453125 0.7444444444444445 0.38125 0.49166666666666664
3 0.37578125 0.18611111111111112 0.1140625 0.11388888888888889
1 0.78671875 0.33194444444444443 0.0578125 0.09444444444444444
