1 0.11875 0.8097222222222222 0.2375 0.3638888888888889
0 0.2515625 0.35833333333333334 0.0453125 0.09722222222222222
0 0.3125 0.3055555555555556 0.0265625 0.08611111111111111
0 0.34921875 0.2791666666666667 0.0296875 0.08055555555555556
3 0.4265625 0.36944444444444446 0.078125 0.19166666666666668
1 0.46796875 0.2986111111111111 0.04375 0.08333333333333333
0 0.91953125 0.4152777777777778 0.0640625 0.07777777777777778
0 0.7921875 0.30972222222222223 0.0484375 0.06388888888888888
0 0.8421875 0.6277777777777778 0.0734375 0.15
0 0.6328125 0.3375 0.0375 0.08611111111111111
0 0.46171875 0.22361111111111112 0.015625 0.05
