1 0.58671875 0.4263888888888889 0.078125 0.125
1 0.39453125 0.4777777777777778 0.11875 0.23333333333333334
0 0.1015625 0.6333333333333333 0.0890625 0.20277777777777778
0 0.28984375 0.4361111111111111 0.0546875 0.10555555555555556
0 0.34375 0.35833333333333334 0.04375 0.07777777777777778
0 0.29453125 0.31527777777777777 0.025 0.08333333333333333
0 0.24453125 0.32916666666666666 0.0265625 0.07777777777777778
0 0.0828125 0.3347222222222222 0.0625 0.09444444444444444
0 0.31484375 0.2763888888888889 0.0265625 0.05555555555555555
0 0.3625 0.26666666666666666 0.0203125 0.05277777777777778
1 0.42109375 0.3125 0.05625 0.09444444444444444
1 0.46875 0.2388888888888889 0.0421875 0.07222222222222222
0 0.2296875 0.39166666666666666 0.0265625 0.08888888888888889
0 0.33515625 0.28194444444444444 0.0203125 0.06944444444444445
0 0.37734375 0.2222222222222222 0.0203125 0.05555555555555555
0 0.3984375 0.20277777777777778 0.0171875 0.05277777777777778
0 0.346875 0.22777777777777777 0.0234375 0.06111111111111111
