1 0.26484375 0.8 0.2375 0.33055555555555555
0 0.459375 0.4013888888888889 0.034375 0.11388888888888889
0 0.6515625 0.3625 0.0328125 0.08611111111111111
0 0.73046875 0.5083333333333333 0.0578125 0.11388888888888889
0 0.75546875 0.7208333333333333 0.0734375 0.20277777777777778
0 0.88984375 0.7611111111111111 0.090625 0.2222222222222222
0 0.9265625 0.5097222222222222 0.0796875 0.09166666666666666
0 0.80625 0.36666666666666664 0.053125 0.07222222222222222
0 0.65546875 0.2847222222222222 0.0234375 0.08055555555555556
0 0.68046875 0.28888888888888886 0.034375 0.075
0 0.36015625 0.2222222222222222 0.028125 0.06666666666666667
0 0.415625 0.16666666666666666 0.034375 0.07222222222222222
0 0.47265625 0.3263888888888889 0.025 0.06944444444444445
0 0.6375 0.26944444444444443 0.021875 0.075
