0 0.8828125 0.6833333333333333 0.071875 0.1638888888888889
0 0.7890625 0.5972222222222222 0.0546875 0.175
0 0.715625 0.41388888888888886 0.0328125 0.08888888888888889
0 0.7203125 0.35 0.028125 0.07222222222222222
0 0.696875 0.30833333333333335 0.021875 0.07777777777777778
0 0.6625 0.30833333333333335 0.0203125 0.06111111111111111
0 0.6375 0.3138888888888889 0.03125 0.075
0 0.6140625 0.26944444444444443 0.0140625 0.044444444444444446
0 0.5953125 0.2722222222222222 0.015625 0.06388888888888888
1 0.5546875 0.2916666666666667 0.0546875 0.1
0 0.328125 0.30277777777777776 0.0203125 0.06666666666666667
0 0.2296875 0.44722222222222224 0.0484375 0.10277777777777777
0 0.08125 0.40555555555555556 0.0640625 0.08333333333333333
0 0.2046875 0.2833333333333333 0.0453125 0.05
