0 0.80703125 0.3763888888888889 0.0453125 0.06944444444444445
0 0.925 0.5319444444444444 0.0703125 0.10833333333333334
0 0.83984375 0.8763888888888889 0.1078125 0.24722222222222223
0 0.73046875 0.49583333333333335 0.0484375 0.13055555555555556
0 0.709375 0.3763888888888889 0.0484375 0.11666666666666667
0 0.67109375 0.35833333333333334 0.03125 0.08888888888888889
0 0.64375 0.3277777777777778 0.0265625 0.07777777777777778
1 0.5890625 0.4861111111111111 0.1171875 0.2388888888888889
0 0.23515625 0.37222222222222223 0.05 0.12222222222222222
0 0.04375 0.49027777777777776 0.0703125 0.18888888888888888
0 0.4 0.35555555555555557 0.034375 0.10833333333333334
0 0.38046875 0.23472222222222222 0.021875 0.06666666666666667
0 0.30390625 0.25555555555555554 0.0328125 0.09722222222222222
0 0.4921875 0.24027777777777778 0.028125 0.08055555555555556
0 0.665625 0.30416666666666664 0.025 0.07222222222222222
0 0.6375 0.26666666666666666 0.0203125 0.05555555555555555
0 0.621875 0.24444444444444444 0.025 0.05555555555555555
0 0.6546875 0.25 0.0203125 0.06111111111111111
0 0.575 0.25277777777777777 0.025 0.075
0 0.40546875 0.2222222222222222 0.0234375 0.06666666666666667
