0 0.16484375 0.5902777777777778 0.05625 0.17777777777777778
0 0.26875 0.4986111111111111 0.0375 0.16666666666666666
0 0.25625 0.3486111111111111 0.0296875 0.10833333333333334
0 0.32265625 0.26666666666666666 0.021875 0.075
1 0.43203125 0.2388888888888889 0.0375 0.06944444444444445
0 0.70234375 0.5569444444444445 0.05 0.17777777777777778
0 0.7203125 0.3680555555555556 0.0296875 0.09166666666666666
0 0.81015625 0.4597222222222222 0.04375 0.09722222222222222
0 0.83984375 0.5638888888888889 0.046875 0.1361111111111111
0 0.91640625 0.7125 0.0625 0.13333333333333333
0 0.94296875 0.8916666666666667 0.065625 0.10833333333333334
0 0.92421875 0.41805555555555557 0.0546875 0.08333333333333333
0 0.79921875 0.29583333333333334 0.040625 0.04722222222222222
0 0.68359375 0.26666666666666666 0.021875 0.07777777777777778
0 0.6546875 0.34305555555555556 0.0203125 0.08333333333333333
1 0.6078125 0.30833333333333335 0.0578125 0.10277777777777777
0 0.753125 0.35833333333333334 0.034375 0.1111111111111111
0 0.64921875 0.2263888888888889 0.0140625 0.05555555555555555
0 0.34453125 0.2375 0.0203125 0.06388888888888888
