0 0.134375 0.3333333333333333 0.021875 0.06388888888888888
0 0.165625 0.35694444444444445 0.0265625 0.07222222222222222
1 0.6015625 0.75 0.1375 0.2611111111111111
1 0.89296875 0.9069444444444444 0.2140625 0.14722222222222223
1 0.62421875 0.2833333333333333 0.059375 0.06666666666666667
2 0.70703125 0.5319444444444444 0.1453125 0.2638888888888889
2 0.66953125 0.21944444444444444 0.05 0.075
3 0.53125 0.3486111111111111 0.096875 0.21944444444444444
3 0.62578125 0.37222222222222223 0.0671875 0.16666666666666666
0 0.16640625 0.4097222222222222 0.0265625 0.09444444444444444
