3 0.584375 0.33611111111111114 0.134375 0.2861111111111111
1 0.6625 0.3888888888888889 0.053125 0.10277777777777777
0 0.7328125 0.39166666666666666 0.021875 0.08888888888888889
0 0.78125 0.44722222222222224 0.0328125 0.10277777777777777
0 0.784375 0.5833333333333334 0.0390625 0.11666666666666667
0 0.0640625 0.7416666666666667 0.071875 0.14444444444444443
0 0.075 0.4 0.05 0.06388888888888888
0 0.4015625 0.38333333333333336 0.0390625 0.09166666666666666
0 0.6890625 0.2722222222222222 0.028125 0.06666666666666667
0 0.665625 0.30833333333333335 0.0234375 0.07777777777777778
0 0.7 0.3194444444444444 0.01875 0.06111111111111111
0 0.725 0.30833333333333335 0.0234375 0.06111111111111111
