1 0.365625 0.4375 0.0796875 0.14444444444444443
1 0.9 0.5458333333333333 0.2 0.3638888888888889
1 0.46171875 0.35833333333333334 0.0546875 0.08888888888888889
1 0.32890625 0.29583333333333334 0.04375 0.06666666666666667
1 0.39765625 0.2652777777777778 0.04375 0.06666666666666667
2 0.1859375 0.7694444444444445 0.3625 0.46111111111111114
2 0.3765625 0.3402777777777778 0.0578125 0.09722222222222222
3 0.446875 0.26944444444444443 0.0671875 0.125
3 0.39765625 0.21944444444444444 0.0828125 0.09722222222222222
1 0.71171875 0.3013888888888889 0.059375 0.12222222222222222
0 0.79765625 0.23472222222222222 0.028125 0.08055555555555556
