0 0.3359375 0.6444444444444445 0.0578125 0.17777777777777778
0 0.31796875 0.40555555555555556 0.0265625 0.08055555555555556
0 0.375 0.35694444444444445 0.025 0.08055555555555556
0 0.44453125 0.3819444444444444 0.028125 0.09444444444444444
0 0.42265625 0.28888888888888886 0.0234375 0.06944444444444445
0 0.3515625 0.31805555555555554 0.025 0.06388888888888888
0 0.34765625 0.26805555555555555 0.0234375 0.06111111111111111
0 0.16875 0.7763888888888889 0.09375 0.23055555555555557
1 0.53984375 0.24305555555555555 0.046875 0.08055555555555556
0 0.64609375 0.24583333333333332 0.015625 0.04722222222222222
0 0.38984375 0.26666666666666666 0.025 0.06666666666666667
0 0.46328125 0.27361111111111114 0.0140625 0.07222222222222222
