1 0.334375 0.3402777777777778 0.09375 0.16111111111111112
0 0.09609375 0.5513888888888889 0.075 0.2
0 0.3734375 0.4111111111111111 0.0421875 0.11666666666666667
0 0.37265625 0.21944444444444444 0.0359375 0.1
2 0.49609375 0.23333333333333334 0.1 0.18333333333333332
0 0.43046875 0.21805555555555556 0.0296875 0.06944444444444445
0 0.6921875 0.4305555555555556 0.0390625 0.10555555555555556
0 0.64921875 0.4361111111111111 0.059375 0.1388888888888889
0 0.653125 0.7055555555555556 0.0703125 0.19444444444444445
0 0.77578125 0.8236111111111111 0.0859375 0.19166666666666668
0 0.859375 0.8555555555555555 0.065625 0.20277777777777778
0 0.74609375 0.6180555555555556 0.0546875 0.1388888888888889
0 0.7984375 0.5708333333333333 0.065625 0.15833333333333333
0 0.9203125 0.5694444444444444 0.0796875 0.1111111111111111
0 0.684375 0.30416666666666664 0.034375 0.08055555555555556
0 0.646875 0.30972222222222223 0.0421875 0.11944444444444445
0 0.64765625 0.2986111111111111 0.028125 0.08055555555555556
0 0.66640625 0.2833333333333333 0.021875 0.06388888888888888
