1 0.55625 0.4166666666666667 0.0703125 0.14722222222222223
0 0.7875 0.5333333333333333 0.0484375 0.1638888888888889
0 0.796875 0.7166666666666667 0.071875 0.15833333333333333
0 0.20625 0.5722222222222222 0.05 0.11666666666666667
0 0.0796875 0.39444444444444443 0.06875 0.08611111111111111
0 0.165625 0.4861111111111111 0.034375 0.09722222222222222
0 0.246875 0.4361111111111111 0.0421875 0.10833333333333334
0 0.328125 0.33055555555555555 0.028125 0.08333333333333333
0 0.3953125 0.25 0.0234375 0.05555555555555555
0 0.425 0.24444444444444444 0.01875 0.058333333333333334
1 0.571875 0.20555555555555555 0.040625 0.06388888888888888
1 0.459375 0.25 0.04375 0.08333333333333333
