1 0.37109375 0.5041666666666667 0.1015625 0.23055555555555557
3 0.56640625 0.2375 0.0671875 0.1388888888888889
0 0.62578125 0.2791666666666667 0.021875 0.07222222222222222
0 0.30703125 0.3819444444444444 0.0296875 0.10833333333333334
0 0.31171875 0.30694444444444446 0.0265625 0.06666666666666667
0 0.34140625 0.31527777777777777 0.0296875 0.09166666666666666
0 0.371875 0.25833333333333336 0.021875 0.058333333333333334
0 0.42265625 0.26805555555555555 0.0390625 0.08333333333333333
0 0.24453125 0.5458333333333333 0.0515625 0.13333333333333333
0 0.2234375 0.3958333333333333 0.0375 0.1
0 0.07734375 0.3388888888888889 0.05 0.06666666666666667
