0 0.12734375 0.42777777777777776 0.028125 0.09722222222222222
0 0.16640625 0.29305555555555557 0.021875 0.06111111111111111
1 0.584375 0.6666666666666666 0.103125 0.19722222222222222
1 0.68359375 0.5444444444444444 0.1125 0.16111111111111112
1 0.5234375 0.37916666666666665 0.0578125 0.10555555555555556
1 0.65078125 0.2513888888888889 0.0421875 0.05277777777777778
1 0.53984375 0.29305555555555557 0.034375 0.05
1 0.5921875 0.3638888888888889 0.0484375 0.09444444444444444
1 0.54921875 0.25416666666666665 0.04375 0.05
1 0.61015625 0.26944444444444443 0.0453125 0.06388888888888888
2 0.69375 0.20555555555555555 0.0703125 0.07222222222222222
2 0.53984375 0.29305555555555557 0.0375 0.05555555555555555
3 0.3671875 0.1986111111111111 0.078125 0.07777777777777778
