0 0.14453125 0.28888888888888886 0.0234375 0.06666666666666667
1 0.825 0.7930555555555555 0.2015625 0.2972222222222222
1 0.67421875 0.5305555555555556 0.1109375 0.16944444444444445
1 0.584375 0.3861111111111111 0.059375 0.10833333333333334
1 0.57265625 0.30416666666666664 0.05 0.08333333333333333
1 0.6640625 0.9236111111111112 0.1765625 0.11944444444444445
1 0.7140625 0.21805555555555556 0.0390625 0.05
2 0.45546875 0.22083333333333333 0.1328125 0.1111111111111111
2 0.6578125 0.23472222222222222 0.05 0.06944444444444445
2 0.57421875 0.2625 0.053125 0.09166666666666666
3 0.52734375 0.2638888888888889 0.053125 0.09166666666666666
