3 0.37421875 0.35 0.1203125 0.23055555555555557
2 0.19765625 0.5680555555555555 0.240625 0.40555555555555556
0 0.85390625 0.46944444444444444 0.03125 0.08333333333333333
0 0.7578125 0.29305555555555557 0.0234375 0.03333333333333333
0 0.71328125 0.28194444444444444 0.028125 0.04722222222222222
0 0.6140625 0.25555555555555554 0.028125 0.044444444444444446
0 0.5703125 0.24305555555555555 0.0265625 0.05277777777777778
0 0.47109375 0.20833333333333334 0.025 0.044444444444444446
0 0.45234375 0.20416666666666666 0.0265625 0.05
2 0.3328125 0.16111111111111112 0.04375 0.06666666666666667
3 0.41875 0.25972222222222224 0.065625 0.125
0 0.19765625 0.35694444444444445 0.0421875 0.09722222222222222
