1 0.55 0.3680555555555556 0.0734375 0.14722222222222223
0 0.696875 0.5291666666666667 0.05625 0.12777777777777777
0 0.70234375 0.7125 0.0890625 0.2111111111111111
0 0.83984375 0.5361111111111111 0.0765625 0.16666666666666666
0 0.81171875 0.4097222222222222 0.0359375 0.08333333333333333
0 0.73203125 0.38472222222222224 0.0359375 0.1111111111111111
0 0.678125 0.33194444444444443 0.025 0.08333333333333333
0 0.61953125 0.33194444444444443 0.0265625 0.09166666666666666
0 0.5859375 0.2791666666666667 0.034375 0.1
0 0.70546875 0.30416666666666664 0.0390625 0.09722222222222222
0 0.91015625 0.275 0.0703125 0.09166666666666666
0 0.8921875 0.6958333333333333 0.0734375 0.21388888888888888
0 0.34921875 0.33194444444444443 0.0234375 0.058333333333333334
0 0.46171875 0.26944444444444443 0.028125 0.08055555555555556
0 0.4234375 0.8972222222222223 0.109375 0.20555555555555555
0 0.965625 0.5527777777777778 0.06875 0.25
0 0.68828125 0.43333333333333335 0.0453125 0.12222222222222222
0 0.70625 0.2569444444444444 0.021875 0.08333333333333333
0 0.60234375 0.19305555555555556 0.0203125 0.05555555555555555
