0 0.2984375 0.4097222222222222 0.0234375 0.08055555555555556
0 0.3171875 0.35 0.0328125 0.10277777777777777
0 0.34375 0.35138888888888886 0.025 0.08888888888888889
0 0.39609375 0.30972222222222223 0.0234375 0.08611111111111111
1 0.56171875 0.29305555555555557 0.053125 0.09722222222222222
0 0.66171875 0.3902777777777778 0.0375 0.09722222222222222
0 0.7421875 0.4125 0.03125 0.09722222222222222
0 0.80078125 0.5347222222222222 0.05 0.11666666666666667
0 0.62890625 0.2222222222222222 0.0203125 0.05555555555555555
0 0.4765625 0.2569444444444444 0.0328125 0.06944444444444445
0 0.359375 0.25 0.0203125 0.075
0 0.3734375 0.25555555555555554 0.0203125 0.06944444444444445
