1 0.6375 0.5319444444444444 0.134375 0.22777777777777777
0 0.271875 0.4930555555555556 0.075 0.18055555555555555
0 0.16015625 0.42083333333333334 0.053125 0.1388888888888889
0 0.12109375 0.36666666666666664 0.046875 0.11388888888888889
0 0.31484375 0.2916666666666667 0.0484375 0.12777777777777777
0 0.3859375 0.2 0.021875 0.058333333333333334
0 0.103125 0.2263888888888889 0.065625 0.08333333333333333
0 0.03984375 0.65 0.0796875 0.2388888888888889
0 0.415625 0.22777777777777777 0.0265625 0.07222222222222222
0 0.66875 0.35138888888888886 0.0328125 0.09444444444444444
0 0.7015625 0.3486111111111111 0.0328125 0.08055555555555556
0 0.271875 0.37083333333333335 0.046875 0.13055555555555556
0 0.40625 0.16944444444444445 0.0234375 0.06666666666666667
0 0.42578125 0.15555555555555556 0.025 0.06111111111111111
