1 0.38671875 0.36944444444444446 0.05 0.08611111111111111
1 0.446875 0.45 0.071875 0.12777777777777777
1 0.35 0.5125 0.090625 0.16111111111111112
1 0.39453125 0.30416666666666664 0.05 0.07777777777777778
2 0.1828125 0.8444444444444444 0.321875 0.3111111111111111
2 0.315625 0.2972222222222222 0.053125 0.075
2 0.3515625 0.5111111111111111 0.0921875 0.16111111111111112
2 0.39453125 0.30416666666666664 0.05 0.07777777777777778
0 0.853125 0.3416666666666667 0.0375 0.11388888888888889
0 0.8484375 0.2777777777777778 0.028125 0.075
0 0.79375 0.21944444444444444 0.04375 0.09722222222222222
1 0.45390625 0.32916666666666666 0.046875 0.08333333333333333
