0 0.925 0.6333333333333333 0.0515625 0.14444444444444443
0 0.159375 0.2972222222222222 0.0203125 0.07222222222222222
1 0.83125 0.8527777777777777 0.184375 0.275
1 0.675 0.25277777777777777 0.0328125 0.044444444444444446
2 0.1125 0.5166666666666667 0.153125 0.26944444444444443
1 0.621875 0.2833333333333333 0.0453125 0.06388888888888888
2 0.6765625 0.49444444444444446 0.1375 0.24722222222222223
2 0.6109375 0.32222222222222224 0.0515625 0.09444444444444444
2 0.7125 0.2222222222222222 0.0609375 0.07777777777777778
3 0.5265625 0.32222222222222224 0.084375 0.21944444444444444
