0 0.71171875 0.26805555555555555 0.034375 0.09722222222222222
1 0.51875 0.2263888888888889 0.053125 0.08888888888888889
0 0.58828125 0.3638888888888889 0.034375 0.09722222222222222
0 0.36875 0.4513888888888889 0.0421875 0.11388888888888889
0 0.31171875 0.5833333333333334 0.040625 0.125
0 0.1734375 0.7652777777777777 0.075 0.18333333333333332
0 0.1203125 0.7875 0.0640625 0.1638888888888889
0 0.07578125 0.5680555555555555 0.0578125 0.08611111111111111
0 0.31796875 0.38333333333333336 0.0390625 0.08055555555555556
0 0.39453125 0.31805555555555554 0.028125 0.08888888888888889
0 0.3484375 0.2972222222222222 0.0234375 0.06944444444444445
0 0.33359375 0.28055555555555556 0.0203125 0.06111111111111111
