0 0.7984375 0.6847222222222222 0.071875 0.17222222222222222
0 0.76015625 0.5583333333333333 0.046875 0.125
0 0.7171875 0.48333333333333334 0.0484375 0.10833333333333334
0 0.7515625 0.4375 0.034375 0.07777777777777778
0 0.715625 0.40555555555555556 0.0328125 0.07777777777777778
0 0.65703125 0.3680555555555556 0.021875 0.06388888888888888
0 0.684375 0.37916666666666665 0.03125 0.08333333333333333
0 0.640625 0.32916666666666666 0.021875 0.05
0 0.62109375 0.3194444444444444 0.025 0.06388888888888888
1 0.5796875 0.30416666666666664 0.0734375 0.1388888888888889
0 0.22734375 0.31666666666666665 0.0328125 0.08333333333333333
0 0.40703125 0.17916666666666667 0.046875 0.09444444444444444
0 0.1046875 0.23194444444444445 0.071875 0.08888888888888889
0 0.2390625 0.1736111111111111 0.046875 0.05277777777777778
0 0.7015625 0.38055555555555554 0.028125 0.09444444444444444
