0 0.23203125 0.8319444444444445 0.1109375 0.24722222222222223
0 0.2453125 0.5875 0.059375 0.1388888888888889
0 0.07109375 0.5680555555555555 0.0578125 0.08333333333333333
0 0.19296875 0.4097222222222222 0.0609375 0.08611111111111111
0 0.30078125 0.3333333333333333 0.03125 0.08611111111111111
0 0.6421875 0.2625 0.034375 0.075
0 0.71015625 0.2791666666666667 0.040625 0.09722222222222222
3 0.3859375 0.3125 0.1265625 0.2833333333333333
0 0.17890625 0.6944444444444444 0.06875 0.16666666666666666
0 0.19609375 0.5791666666666667 0.0421875 0.10833333333333334
0 0.328125 0.32222222222222224 0.028125 0.075
