1 0.41796875 0.6555555555555556 0.134375 0.25555555555555554
1 0.38359375 0.9208333333333333 0.1953125 0.15833333333333333
1 0.45703125 0.41805555555555557 0.0765625 0.14166666666666666
1 0.42109375 0.23333333333333334 0.053125 0.06111111111111111
1 0.67265625 0.18055555555555555 0.05625 0.05277777777777778
0 0.04375 0.7013888888888888 0.0625 0.15
1 0.4703125 0.31805555555555554 0.0515625 0.08055555555555556
1 0.37890625 0.3375 0.046875 0.07222222222222222
2 0.215625 0.675 0.296875 0.5333333333333333
2 0.36953125 0.2638888888888889 0.0734375 0.10555555555555556
3 0.79765625 0.6597222222222222 0.4046875 0.6416666666666667
