0 0.92109375 0.3416666666666667 0.0734375 0.09444444444444444
0 0.7890625 0.25277777777777777 0.05 0.06944444444444445
1 0.6375 0.5666666666666667 0.11875 0.24722222222222223
0 0.6890625 0.36527777777777776 0.04375 0.08333333333333333
0 0.621875 0.29583333333333334 0.0265625 0.07777777777777778
0 0.6875 0.29305555555555557 0.028125 0.075
0 0.3140625 0.30277777777777776 0.0234375 0.075
0 0.4703125 0.2722222222222222 0.0453125 0.07777777777777778
1 0.54375 0.25 0.0453125 0.08888888888888889
0 0.86796875 0.4930555555555556 0.075 0.1527777777777778
0 0.85234375 0.7069444444444445 0.0890625 0.16111111111111112
0 0.0859375 0.49027777777777776 0.0625 0.07777777777777778
0 0.63203125 0.2388888888888889 0.0171875 0.06111111111111111
0 0.596875 0.24861111111111112 0.0234375 0.07777777777777778
0 0.61484375 0.19583333333333333 0.0203125 0.06388888888888888
0 0.3296875 0.2652777777777778 0.015625 0.06111111111111111
