0 0.68203125 0.6208333333333333 0.0515625 0.15555555555555556
0 0.81171875 0.5763888888888888 0.053125 0.10555555555555556
0 0.753125 0.45 0.0421875 0.09722222222222222
0 0.67734375 0.49722222222222223 0.05 0.075
0 0.703125 0.39166666666666666 0.0375 0.08333333333333333
0 0.63203125 0.30277777777777776 0.025 0.05
0 0.69453125 0.30694444444444446 0.0328125 0.07222222222222222
0 0.59765625 0.2638888888888889 0.0234375 0.05555555555555555
0 0.61796875 0.24444444444444444 0.03125 0.06944444444444445
1 0.546875 0.24305555555555555 0.059375 0.09722222222222222
0 0.38828125 0.31527777777777777 0.04375 0.09166666666666666
0 0.4234375 0.27361111111111114 0.0375 0.1
0 0.32109375 0.27361111111111114 0.0359375 0.10277777777777777
0 0.0859375 0.33194444444444443 0.075 0.08333333333333333
0 0.2234375 0.25 0.0484375 0.05
0 0.65546875 0.30694444444444446 0.0203125 0.06111111111111111
