1 0.4275833333333333 0.446125 0.15516666666666667 0.25475
1 0.19008333333333333 0.935875 0.29483333333333334 0.12825
1 0.10266666666666667 0.3125 0.15733333333333333 0.1845
1 0.13591666666666666 0.235125 0.11983333333333333 0.13275
1 0.17866666666666667 0.184375 0.11566666666666667 0.14375
1 0.22658333333333333 0.141375 0.0865 0.13575
1 0.2885 0.1015 0.1 0.125
0 0.5650833333333334 0.110125 0.05516666666666667 0.09525
0 0.4390833333333333 0.257875 0.07383333333333333 0.15625
0 0.38175 0.13125 0.0615 0.128
0 0.4666666666666667 0.0905 0.058333333333333334 0.078
3 0.2828333333333333 0.32725 0.13233333333333333 0.2235
