2 0.49225 0.6355 0.213 0.4776666666666667
2 0.218375 0.6465 0.33925 0.443
2 0.957125 0.30366666666666664 0.08575 0.17933333333333334
2 0.938625 0.23216666666666666 0.12275 0.081
2 0.454125 0.241 0.15375 0.08866666666666667
2 0.35475 0.23466666666666666 0.1405 0.09866666666666667
1 0.70475 0.5775 0.143 0.22833333333333333
1 0.130375 0.2775 0.06075 0.051
1 0.673125 0.31233333333333335 0.09875 0.06666666666666667
2 0.755875 0.21633333333333332 0.04525 0.062
3 0.040625 0.4623333333333333 0.08075 0.14133333333333334
2 0.04775 0.2861666666666667 0.095 0.103
3 0.966625 0.7338333333333333 0.06675 0.41433333333333333
