2 0.78925 0.7935 0.4215 0.413
2 0.138125 0.5433333333333333 0.25225 0.262
2 0.272125 0.4045 0.07025 0.13633333333333333
2 0.83575 0.5578333333333333 0.288 0.30633333333333335
2 0.589375 0.33 0.14775 0.054
2 0.257875 0.33166666666666667 0.04375 0.048666666666666664
2 0.31825 0.33416666666666667 0.091 0.051666666666666666
3 0.37025 0.32916666666666666 0.0245 0.034333333333333334
1 0.469375 0.40166666666666667 0.04125 0.06666666666666667
1 0.50625 0.3458333333333333 0.03 0.035
1 0.590625 0.36133333333333334 0.04375 0.03266666666666666
1 0.507 0.3125 0.011 0.01633333333333333
1 0.540625 0.42483333333333334 0.03225 0.052333333333333336
2 0.70875 0.3215 0.0825 0.042333333333333334
