0 0.46358333333333335 0.510875 0.10216666666666667 0.25925
0 0.37866666666666665 0.311 0.076 0.1625
0 0.5469166666666667 0.21175 0.05416666666666667 0.1515
0 0.6109166666666667 0.103 0.04683333333333333 0.125
0 0.5745 0.129625 0.049 0.11575
1 0.28591666666666665 0.530375 0.2135 0.21725
1 0.42133333333333334 0.17975 0.09066666666666667 0.1125
1 0.20316666666666666 0.290625 0.13966666666666666 0.13125
1 0.274 0.176625 0.10633333333333334 0.11875
1 0.4083333333333333 0.089125 0.08533333333333333 0.08125
3 0.3755 0.232 0.10733333333333334 0.1515
