3 0.124 0.5722222222222222 0.15 0.2688888888888889
3 0.1675 0.4633333333333333 0.137 0.26
3 0.833 0.17222222222222222 0.072 0.1711111111111111
3 0.776 0.16333333333333333 0.08 0.20222222222222222
1 0.796 0.37666666666666665 0.078 0.2511111111111111
1 0.3155 0.5044444444444445 0.083 0.27111111111111114
1 0.676 0.13 0.048 0.14
1 0.4975 0.4077777777777778 0.107 0.2733333333333333
2 0.98 0.5177777777777778 0.04 0.4711111111111111
2 0.9445 0.43333333333333335 0.111 0.4488888888888889
2 0.8995 0.34 0.137 0.37777777777777777
2 0.699 0.0825 0.078 0.1638888888888889
