2 0.598125 0.3631666666666667 0.25125 0.42233333333333334
2 0.4345 0.19416666666666665 0.1645 0.2743333333333333
2 0.344625 0.14333333333333334 0.09175 0.23666666666666666
1 0.552875 0.8141666666666667 0.17975 0.37166666666666665
1 0.20175 0.0555 0.0585 0.11033333333333334
3 0.852375 0.6196666666666667 0.29525 0.262
3 0.849375 0.8823333333333333 0.30125 0.23533333333333334
3 0.822625 0.7726666666666666 0.34775 0.162
1 0.890125 0.25366666666666665 0.20825 0.15533333333333332
1 0.703 0.13533333333333333 0.1915 0.116
1 0.777375 0.18866666666666668 0.10475 0.10466666666666667
