2 0.376125 0.49333333333333335 0.72625 0.33
2 0.423125 0.16633333333333333 0.20825 0.124
2 0.133875 0.16316666666666665 0.20125 0.127
2 0.89225 0.20283333333333334 0.2155 0.13633333333333333
2 0.602375 0.18533333333333332 0.08075 0.10466666666666667
1 0.088625 0.3298333333333333 0.05125 0.11433333333333333
1 0.202375 0.2846666666666667 0.06925 0.078
1 0.1625 0.26566666666666666 0.075 0.09666666666666666
1 0.035125 0.2965 0.04875 0.09833333333333333
2 0.949375 0.5043333333333333 0.10125 0.13333333333333333
2 0.873875 0.456 0.14775 0.138
2 0.8315 0.2465 0.075 0.065
1 0.54875 0.16633333333333333 0.0475 0.05733333333333333
3 0.247 0.14966666666666667 0.0775 0.09066666666666667
