1 0.20991666666666667 0.778125 0.2821666666666667 0.44375
1 0.47291666666666665 0.307 0.1625 0.2295
1 0.30883333333333335 0.089875 0.124 0.15775
1 0.10733333333333334 0.107875 0.13333333333333333 0.15625
1 0.61675 0.055625 0.10416666666666667 0.11075
0 0.4344166666666667 0.61175 0.1395 0.311
0 0.0875 0.554625 0.10633333333333334 0.31575
0 0.34791666666666665 0.18275 0.0875 0.1845
0 0.07916666666666666 0.2655 0.148 0.1625
0 0.7828333333333334 0.243625 0.08866666666666667 0.16875
1 0.53125 0.535875 0.1375 0.35325
