3 0.7065 0.4735 0.1915 0.2843333333333333
1 0.098375 0.233 0.19625 0.162
1 0.186375 0.19966666666666666 0.16075 0.15866666666666668
2 0.279875 0.5608333333333333 0.55925 0.595
2 0.674375 0.076 0.19625 0.13333333333333333
1 0.875 0.17833333333333334 0.088 0.09666666666666666
1 0.580375 0.17283333333333334 0.05125 0.08566666666666667
1 0.395875 0.11233333333333333 0.04175 0.092
2 0.572 0.0585 0.0915 0.10166666666666667
3 0.925 0.05683333333333333 0.124 0.07633333333333334
3 0.770125 0.06 0.05475 0.06666666666666667
