3 0.54375 0.7861111111111111 0.28020833333333334 0.42777777777777776
1 0.33177083333333335 0.7199074074074074 0.21302083333333333 0.2777777777777778
1 0.5880208333333333 0.3921296296296296 0.12760416666666666 0.22314814814814815
1 0.6145833333333334 0.2490740740740741 0.11197916666666667 0.10925925925925926
1 0.6651041666666667 0.16018518518518518 0.103125 0.12962962962962962
3 0.2921875 0.4546296296296296 0.13958333333333334 0.2657407407407407
3 0.47421875 0.2740740740740741 0.096875 0.22870370370370371
2 0.8645833333333334 0.5861111111111111 0.26458333333333334 0.7888888888888889
1 0.36875 0.18333333333333332 0.11875 0.11666666666666667
3 0.5494791666666666 0.11203703703703703 0.10729166666666666 0.14537037037037037
