1 0.710125 0.5735 0.09175 0.17633333333333334
1 0.2595 0.506 0.0975 0.124
1 0.48675 0.20183333333333334 0.016 0.025666666666666667
1 0.375625 0.24733333333333332 0.06975 0.04733333333333333
1 0.115 0.2315 0.049 0.03166666666666667
1 0.487375 0.22083333333333333 0.02575 0.028333333333333332
2 0.596125 0.22366666666666668 0.07675 0.04733333333333333
2 0.686875 0.20516666666666666 0.05875 0.05566666666666667
2 0.58975 0.20683333333333334 0.1035 0.047
1 0.461375 0.207 0.01775 0.021333333333333333
2 0.295 0.20883333333333334 0.092 0.04766666666666667
3 0.347375 0.20733333333333334 0.02125 0.037333333333333336
2 0.254125 0.2853333333333333 0.06175 0.124
2 0.122875 0.4265 0.22075 0.23566666666666666
2 0.81175 0.42733333333333334 0.245 0.2966666666666667
