1 0.19066666666666668 0.47575 0.13533333333333333 0.1985
1 0.47658333333333336 0.5555 0.1865 0.2985
1 0.23175 0.399875 0.12816666666666668 0.13125
1 0.26716666666666666 0.361625 0.10933333333333334 0.15775
1 0.3135 0.322625 0.09166666666666666 0.14525
1 0.37966666666666665 0.27725 0.10733333333333334 0.136
1 0.5666666666666667 0.28125 0.10633333333333334 0.1405
1 0.66825 0.268625 0.10516666666666667 0.15625
1 0.47291666666666665 0.891375 0.2771666666666667 0.21725
0 0.7395833333333334 0.312375 0.06883333333333333 0.08125
0 0.10733333333333334 0.61875 0.15 0.1125
