2 0.506 0.4061666666666667 0.262 0.4063333333333333
2 0.29575 0.24983333333333332 0.187 0.2936666666666667
2 0.185125 0.18866666666666668 0.09625 0.2633333333333333
3 0.826125 0.6886666666666666 0.34775 0.2633333333333333
3 0.841625 0.9006666666666666 0.31675 0.19866666666666666
3 0.814875 0.7918333333333333 0.37025 0.15566666666666668
1 0.7845 0.2981666666666667 0.2665 0.165
1 0.541625 0.187 0.20725 0.09533333333333334
1 0.580875 0.148 0.14275 0.07466666666666667
1 0.608875 0.2355 0.06325 0.09366666666666666
