2 0.976 0.64 0.048 0.44
2 0.932 0.5766666666666667 0.086 0.42444444444444446
2 0.882 0.48777777777777775 0.088 0.35777777777777775
2 0.6975 0.21777777777777776 0.097 0.24444444444444444
2 0.341 0.1288888888888889 0.106 0.17777777777777778
1 0.781 0.43777777777777777 0.072 0.19555555555555557
1 0.6525 0.27111111111111114 0.047 0.12444444444444444
1 0.274 0.7388888888888889 0.098 0.2822222222222222
1 0.482 0.4677777777777778 0.08 0.2288888888888889
3 0.119 0.7144444444444444 0.138 0.32666666666666666
3 0.1545 0.6222222222222222 0.133 0.2311111111111111
3 0.8425 0.32666666666666666 0.077 0.17777777777777778
3 0.782 0.31666666666666665 0.078 0.18444444444444444
