1 0.5020833333333333 0.397625 0.15216666666666667 0.17025
1 0.662 0.379625 0.128 0.20925
1 0.5411666666666667 0.122625 0.053 0.08275
1 0.34275 0.1195 0.043833333333333335 0.0765
1 0.5380833333333334 0.235875 0.10516666666666667 0.14075
2 0.8156666666666667 0.094375 0.173 0.14225
2 0.9166666666666666 0.1195 0.16666666666666666 0.1955
3 0.9328333333333333 0.452375 0.13433333333333333 0.23275
3 0.6354166666666666 0.199125 0.0895 0.13275
3 0.3 0.091375 0.13533333333333333 0.08925
3 0.09533333333333334 0.108625 0.08233333333333333 0.09225
