1 0.4265833333333333 0.3935 0.15516666666666667 0.2155
1 0.7724166666666666 0.43975 0.14883333333333335 0.2265
1 0.5885833333333333 0.12175 0.08116666666666666 0.1125
1 0.51975 0.10625 0.12083333333333333 0.1155
3 0.2594166666666667 0.07025 0.15416666666666667 0.1345
2 0.09908333333333333 0.082125 0.19783333333333333 0.16375
2 0.8219166666666666 0.292875 0.25416666666666665 0.33275
2 0.6729166666666667 0.172625 0.1605 0.25775
2 0.83025 0.0805 0.2895 0.1265
1 0.5895833333333333 0.1265 0.0625 0.097
