1 0.7835 0.8766666666666667 0.183 0.24666666666666667
1 0.9015 0.8633333333333333 0.119 0.2733333333333333
1 0.1545 0.35888888888888887 0.147 0.17555555555555555
1 0.222 0.20777777777777778 0.076 0.11777777777777777
1 0.6355 0.2644444444444444 0.109 0.09333333333333334
1 0.4185 0.23666666666666666 0.095 0.12666666666666668
3 0.229 0.10333333333333333 0.118 0.10444444444444445
3 0.214 0.1388888888888889 0.126 0.11777777777777777
2 0.5695 0.2088888888888889 0.173 0.17777777777777778
2 0.896 0.18444444444444444 0.208 0.24
