2 0.594625 0.5688333333333333 0.23225 0.389
2 0.112 0.49183333333333334 0.2235 0.273
2 0.238125 0.3423333333333333 0.07625 0.13
2 0.79625 0.4693333333333333 0.2525 0.276
2 0.540375 0.26166666666666666 0.10475 0.050666666666666665
1 0.4685 0.8051666666666667 0.163 0.36033333333333334
1 0.45 0.31166666666666665 0.0475 0.042666666666666665
1 0.46725 0.2806666666666667 0.032 0.04133333333333333
1 0.52325 0.35133333333333333 0.0535 0.046
1 0.10625 0.2966666666666667 0.056 0.03133333333333333
2 0.22575 0.26866666666666666 0.0515 0.062
2 0.272375 0.26966666666666667 0.06075 0.06
3 0.337375 0.2678333333333333 0.02925 0.043666666666666666
