2 0.61875 0.404625 0.23116666666666666 0.17175
2 0.7375 0.766375 0.252 0.46725
2 0.41358333333333336 0.902375 0.36883333333333335 0.19525
2 0.3854166666666667 0.7015 0.29583333333333334 0.472
2 0.07616666666666666 0.430375 0.152 0.14525
2 0.5020833333333333 0.491375 0.1855 0.25175
2 0.84375 0.373375 0.2125 0.13425
0 0.3719166666666667 0.6265 0.0605 0.1095
1 0.5823333333333334 0.773375 0.09166666666666666 0.20625
3 0.41041666666666665 0.385125 0.12916666666666668 0.09825
3 0.20158333333333334 0.415625 0.11783333333333333 0.08125
