3 0.38958333333333334 0.5375 0.1105 0.1875
2 0.537 0.392875 0.16966666666666666 0.15775
1 0.38175 0.4235 0.0885 0.1125
1 0.04225 0.640625 0.08416666666666667 0.20625
1 0.05366666666666667 0.578125 0.097 0.14375
1 0.09325 0.53275 0.1115 0.147
1 0.138 0.486625 0.099 0.14225
1 0.19741666666666666 0.448375 0.1095 0.12825
1 0.11 0.878875 0.21966666666666668 0.24225
3 0.29791666666666666 0.8805 0.20216666666666666 0.239
1 0.0995 0.73675 0.10933333333333334 0.1735
0 0.5754166666666667 0.50075 0.0635 0.086
